8 0.5828125 0.075 0.178125 0.15
3 0.59140625 0.04027777777777778 0.1546875 0.08055555555555556
8 0.65078125 0.2513888888888889 0.1734375 0.3138888888888889
3 0.67421875 0.20694444444444443 0.2140625 0.26944444444444443
1 0.603125 0.13333333333333333 0.025 0.09444444444444444
1 0.67578125 0.2013888888888889 0.1234375 0.10277777777777777
1 0.678125 0.15 0.125 0.13333333333333333
1 0.6515625 0.08472222222222223 0.11875 0.125
8 0.78515625 0.5458333333333333 0.2703125 0.3861111111111111
3 0.7859375 0.5097222222222222 0.2625 0.3472222222222222
3 0.79140625 0.45 0.2703125 0.3888888888888889
4 0.8375 0.8916666666666667 0.321875 0.2111111111111111
4 0.33125 0.044444444444444446 0.10625 0.08888888888888889
