5 0.878515625 0.28055555555555556 0.01953125 0.1111111111111111
5 0.875390625 0.2791666666666667 0.01953125 0.10833333333333334
5 0.86640625 0.2777777777777778 0.00625 0.10555555555555556
5 0.88515625 0.28194444444444444 0.021875 0.11666666666666667
5 0.226953125 0.2972222222222222 0.02734375 0.16666666666666666
5 0.193359375 0.2951388888888889 0.04609375 0.16527777777777777
6 0.52734375 0.29097222222222224 0.0109375 0.018055555555555554
16 0.719921875 0.29305555555555557 0.01484375 0.03333333333333333
16 0.7203125 0.2923611111111111 0.015625 0.03194444444444444
16 0.720703125 0.2923611111111111 0.01484375 0.03194444444444444
16 0.720703125 0.2916666666666667 0.01484375 0.030555555555555555
16 0.721484375 0.29097222222222224 0.01796875 0.03194444444444444
5 0.391015625 0.27152777777777776 0.00078125 0.059722222222222225
14 0.7265625 0.2791666666666667 0.0046875 0.005555555555555556
8 0.590234375 0.49444444444444446 0.12578125 0.08888888888888889
8 0.597265625 0.4736111111111111 0.09140625 0.09166666666666666
8 0.630859375 0.4236111111111111 0.06640625 0.06666666666666667
8 0.715234375 0.30972222222222223 0.00546875 0.022222222222222223
8 0.6953125 0.325 0.0234375 0.027777777777777776
13 0.704296875 0.2916666666666667 0.00390625 0.05277777777777778
8 0.7015625 0.33055555555555555 0.00625 0.027777777777777776
13 0.703125 0.29444444444444445 0.0015625 0.05277777777777778
8 0.58046875 0.4076388888888889 0.05625 0.05138888888888889
13 0.581640625 0.3388888888888889 0.05546875 0.10555555555555556
8 0.647265625 0.40625 0.05703125 0.059722222222222225
13 0.648046875 0.3402777777777778 0.05390625 0.10555555555555556
8 0.00703125 0.46041666666666664 0.0140625 0.06527777777777778
13 0.01171875 0.3736111111111111 0.0234375 0.11944444444444445
13 0.121484375 0.3576388888888889 0.02109375 0.009722222222222222
8 0.005859375 0.4388888888888889 0.01171875 0.025
8 0.70546875 0.3215277777777778 0.003125 0.020833333333333332
12 0.705078125 0.28888888888888886 0.00546875 0.05
8 0.08046875 0.4083333333333333 0.009375 0.002777777777777778
8 0.062109375 0.41805555555555557 0.10078125 0.022222222222222223
13 0.25078125 0.2673611111111111 0.0109375 0.009722222222222222
8 0.711328125 0.3125 0.00390625 0.022222222222222223
8 0.708984375 0.31666666666666665 0.00703125 0.025
8 0.69609375 0.33541666666666664 0.0125 0.03194444444444444
8 0.685546875 0.34444444444444444 0.01484375 0.030555555555555555
6 0.858203125 0.28125 0.01484375 0.0763888888888889
6 0.85 0.2798611111111111 0.003125 0.07361111111111111
6 0.848046875 0.2791666666666667 0.00390625 0.07222222222222222
13 0.715234375 0.28194444444444444 0.00546875 0.041666666666666664
12 0.634765625 0.3506944444444444 0.06640625 0.11805555555555555
14 0.7890625 0.2465277777777778 0.0015625 0.004166666666666667
8 0.81953125 0.26805555555555555 0.0109375 0.008333333333333333
12 0.816015625 0.25763888888888886 0.00390625 0.015277777777777777
8 0.830078125 0.26805555555555555 0.01015625 0.008333333333333333
13 0.83359375 0.25763888888888886 0.003125 0.015277777777777777
8 0.812109375 0.26458333333333334 0.00859375 0.006944444444444444
12 0.812109375 0.25555555555555554 0.01015625 0.013888888888888888
12 0.817578125 0.2534722222222222 0.00078125 0.009722222222222222
8 0.81171875 0.26458333333333334 0.00625 0.006944444444444444
12 0.811328125 0.2548611111111111 0.00546875 0.0125
8 0.810546875 0.2638888888888889 0.00703125 0.005555555555555556
12 0.81015625 0.2548611111111111 0.00625 0.0125
8 0.807421875 0.2625 0.00703125 0.005555555555555556
12 0.807421875 0.2548611111111111 0.00703125 0.0125
8 0.8046875 0.2625 0.003125 0.005555555555555556
12 0.80703125 0.25416666666666665 0.009375 0.011111111111111112
8 0.80390625 0.26180555555555557 0.00625 0.006944444444444444
12 0.8015625 0.2534722222222222 0.0015625 0.0125
8 0.801171875 0.2611111111111111 0.00078125 0.005555555555555556
12 0.801171875 0.2534722222222222 0.00078125 0.0125
8 0.801171875 0.26180555555555557 0.00078125 0.004166666666666667
12 0.801171875 0.25277777777777777 0.00078125 0.011111111111111112
8 0.8 0.2611111111111111 0.0015625 0.005555555555555556
12 0.8 0.25277777777777777 0.0015625 0.011111111111111112
8 0.79921875 0.2611111111111111 0.0015625 0.005555555555555556
12 0.79921875 0.25277777777777777 0.0015625 0.011111111111111112
8 0.79609375 0.2590277777777778 0.003125 0.004166666666666667
12 0.794921875 0.2520833333333333 0.00078125 0.009722222222222222
8 0.7953125 0.2590277777777778 0.0015625 0.004166666666666667
12 0.794921875 0.2513888888888889 0.00078125 0.008333333333333333
8 0.793359375 0.25763888888888886 0.00234375 0.004166666666666667
8 0.791796875 0.25763888888888886 0.00078125 0.004166666666666667
8 0.7921875 0.25763888888888886 0.0046875 0.004166666666666667
8 0.792578125 0.2590277777777778 0.00390625 0.001388888888888889
8 0.90859375 0.25833333333333336 0.00625 0.005555555555555556
12 0.90859375 0.2520833333333333 0.00625 0.009722222222222222
8 0.90234375 0.25833333333333336 0.00625 0.005555555555555556
12 0.902734375 0.2520833333333333 0.00546875 0.009722222222222222
8 0.81953125 0.2673611111111111 0.0078125 0.006944444444444444
12 0.816015625 0.25763888888888886 0.00234375 0.015277777777777777
8 0.8296875 0.26805555555555555 0.0078125 0.005555555555555556
13 0.833203125 0.25625 0.00078125 0.009722222222222222
8 0.784765625 0.25416666666666665 0.00078125 0.002777777777777778
8 0.824609375 0.26875 0.01328125 0.006944444444444444
13 0.913671875 0.24791666666666667 0.00078125 0.001388888888888889
8 0.908203125 0.25763888888888886 0.00859375 0.004166666666666667
12 0.908203125 0.2513888888888889 0.00859375 0.008333333333333333
8 0.787890625 0.25625 0.00390625 0.004166666666666667
12 0.787890625 0.25 0.00234375 0.008333333333333333
8 0.787890625 0.25625 0.00234375 0.004166666666666667
14 0.787890625 0.2520833333333333 0.00234375 0.001388888888888889
14 0.78828125 0.25 0.0015625 0.002777777777777778
8 0.803515625 0.26180555555555557 0.00078125 0.001388888888888889
8 0.796484375 0.25972222222222224 0.00234375 0.005555555555555556
8 0.786328125 0.25625 0.00078125 0.004166666666666667
12 0.7875 0.25 0.003125 0.008333333333333333
8 0.783984375 0.25416666666666665 0.00078125 0.002777777777777778
12 0.786328125 0.25 0.00390625 0.008333333333333333
5 0.901171875 0.2590277777777778 0.00234375 0.001388888888888889
14 0.983984375 0.48125 0.03046875 0.09305555555555556
15 0.973046875 0.37777777777777777 0.05234375 0.33611111111111114
3 0.978125 0.5326388888888889 0.0421875 0.04583333333333333
7 0.901171875 0.31666666666666665 0.03359375 0.06388888888888888
7 0.900390625 0.3145833333333333 0.03828125 0.0625
4 0.940625 0.3472222222222222 0.0515625 0.013888888888888888
4 0.94765625 0.35138888888888886 0.0546875 0.013888888888888888
4 0.94375 0.35555555555555557 0.0328125 0.016666666666666666
