3 0.935546875 0.7986111111111112 0.11953125 0.29444444444444445
3 0.9265625 0.7930555555555555 0.1453125 0.4111111111111111
3 0.573046875 0.8625 0.04296875 0.2722222222222222
2 0.56328125 0.7444444444444445 0.034375 0.25555555555555554
2 0.715625 0.9055555555555556 0.278125 0.18611111111111112
2 0.722265625 0.8715277777777778 0.28671875 0.25416666666666665
2 0.565625 0.6791666666666667 0.0375 0.25833333333333336
3 0.715234375 0.7506944444444444 0.32421875 0.45416666666666666
2 0.56640625 0.5375 0.0375 0.25555555555555554
2 0.731640625 0.7493055555555556 0.30234375 0.30972222222222223
2 0.7390625 0.68125 0.3125 0.2902777777777778
2 0.5671875 0.4722222222222222 0.0375 0.2361111111111111
8 0.865625 0.11666666666666667 0.2671875 0.23333333333333334
3 0.86953125 0.06458333333333334 0.259375 0.12916666666666668
3 0.8734375 0.049305555555555554 0.2515625 0.09861111111111111
3 0.537890625 0.19305555555555556 0.22421875 0.15555555555555556
