8 0.115625 0.5513888888888889 0.184375 0.13055555555555556
12 0.11171875 0.37916666666666665 0.1828125 0.2361111111111111
3 0.115625 0.49722222222222223 0.178125 0.07222222222222222
8 0.2859375 0.5236111111111111 0.1625 0.11388888888888889
3 0.2828125 0.4777777777777778 0.1625 0.05555555555555555
8 0.43828125 0.49722222222222223 0.1484375 0.10555555555555556
3 0.43203125 0.4486111111111111 0.1546875 0.05277777777777778
1 0.41796875 0.4222222222222222 0.0640625 0.03888888888888889
1 0.4671875 0.42083333333333334 0.0375 0.030555555555555555
1 0.4546875 0.3888888888888889 0.0625 0.03888888888888889
1 0.41796875 0.39444444444444443 0.0640625 0.03888888888888889
8 0.5640625 0.475 0.14375 0.1
3 0.559375 0.42777777777777776 0.146875 0.05555555555555555
3 0.559375 0.39861111111111114 0.146875 0.05277777777777778
4 0.6875 0.4777777777777778 0.13125 0.06666666666666667
4 0.215625 0.6305555555555555 0.21875 0.1111111111111111
