5 0.08046875 0.41388888888888886 0.0765625 0.2111111111111111
5 0.14140625 0.4152777777777778 0.0578125 0.225
8 0.8265625 0.4222222222222222 0.065625 0.03888888888888889
8 0.87734375 0.41944444444444445 0.0359375 0.044444444444444446
8 0.4984375 0.4083333333333333 0.046875 0.027777777777777776
8 0.5109375 0.3958333333333333 0.046875 0.030555555555555555
8 0.46953125 0.40694444444444444 0.0015625 0.002777777777777778
8 0.45 0.41388888888888886 0.053125 0.03333333333333333
8 0.42109375 0.41805555555555557 0.0046875 0.008333333333333333
8 0.3390625 0.3972222222222222 0.046875 0.011111111111111112
8 0.3421875 0.3972222222222222 0.046875 0.011111111111111112
8 0.76640625 0.4166666666666667 0.0609375 0.044444444444444446
8 0.7265625 0.4166666666666667 0.009375 0.044444444444444446
8 0.27890625 0.4166666666666667 0.0515625 0.011111111111111112
8 0.22421875 0.39444444444444443 0.0390625 0.03333333333333333
8 0.55546875 0.5152777777777777 0.0796875 0.06388888888888888
13 0.55625 0.45 0.078125 0.11666666666666667
13 0.33828125 0.41944444444444445 0.0796875 0.06666666666666667
8 0.23515625 0.4708333333333333 0.0515625 0.013888888888888888
13 0.25 0.42083333333333334 0.08125 0.10277777777777777
8 0.44375 0.5152777777777777 0.084375 0.06388888888888888
13 0.4421875 0.4486111111111111 0.08125 0.11388888888888889
8 0.45859375 0.49583333333333335 0.0703125 0.058333333333333334
13 0.45390625 0.4305555555555556 0.0765625 0.10555555555555556
8 0.56484375 0.49166666666666664 0.0703125 0.05
13 0.56171875 0.42777777777777776 0.0734375 0.1
8 0.6765625 0.5222222222222223 0.08125 0.06666666666666667
13 0.678125 0.45694444444444443 0.078125 0.11944444444444445
8 0.671875 0.4986111111111111 0.06875 0.05277777777777778
13 0.6765625 0.43472222222222223 0.071875 0.10277777777777777
13 0.3484375 0.4125 0.075 0.08055555555555556
8 0.0640625 0.5666666666666667 0.1 0.044444444444444446
13 0.0609375 0.49722222222222223 0.1 0.1388888888888889
8 0.95078125 0.5472222222222223 0.0953125 0.07222222222222222
8 0.93203125 0.5194444444444445 0.0828125 0.06111111111111111
8 0.27890625 0.7652777777777777 0.1421875 0.09722222222222222
8 0.325 0.7166666666666667 0.10625 0.08888888888888889
8 0.59765625 0.4125 0.0484375 0.030555555555555555
6 0.64375 0.30277777777777776 0.040625 0.10555555555555556
6 0.684375 0.28888888888888886 0.040625 0.07777777777777778
6 0.48515625 0.2861111111111111 0.0390625 0.07777777777777778
6 0.52421875 0.3 0.0390625 0.10555555555555556
6 0.56328125 0.3013888888888889 0.0390625 0.10277777777777777
6 0.603125 0.2652777777777778 0.040625 0.030555555555555555
12 0.9453125 0.3277777777777778 0.065625 0.011111111111111112
12 0.82734375 0.36944444444444446 0.0640625 0.08333333333333333
12 0.9890625 0.3486111111111111 0.0125 0.03611111111111111
12 0.89453125 0.36944444444444446 0.0671875 0.08333333333333333
12 0.5046875 0.3611111111111111 0.05625 0.07777777777777778
12 0.50625 0.3402777777777778 0.053125 0.05277777777777778
12 0.45078125 0.3333333333333333 0.0546875 0.05
12 0.45078125 0.3597222222222222 0.0578125 0.08055555555555556
12 0.39609375 0.35138888888888886 0.0578125 0.06388888888888888
12 0.33125 0.35694444444444445 0.059375 0.08055555555555556
12 0.33828125 0.34444444444444444 0.0578125 0.06666666666666667
11 0.83203125 0.2875 0.0109375 0.041666666666666664
11 0.84140625 0.28888888888888886 0.0109375 0.03888888888888889
11 0.09765625 0.2777777777777778 0.0078125 0.03333333333333333
11 0.10546875 0.2791666666666667 0.0078125 0.03611111111111111
15 0.153125 0.3 0.071875 0.12222222222222222
15 0.953125 0.29583333333333334 0.078125 0.075
4 0.96796875 0.6777777777777778 0.0609375 0.07777777777777778
4 0.0640625 0.5833333333333334 0.109375 0.03333333333333333
10 0.1890625 0.20694444444444443 0.0125 0.008333333333333333
10 0.296875 0.20416666666666666 0.015625 0.013888888888888888
