5 0.46015625 0.5180555555555556 0.0359375 0.19722222222222222
16 0.38046875 0.7527777777777778 0.0578125 0.18333333333333332
16 0.5328125 0.5111111111111111 0.06875 0.07222222222222222
8 0.17890625 0.47638888888888886 0.0328125 0.008333333333333333
8 0.09140625 0.49444444444444446 0.0171875 0.027777777777777776
8 0.215625 0.48333333333333334 0.04375 0.011111111111111112
8 0.1265625 0.4930555555555556 0.04375 0.025
8 0.00625 0.4888888888888889 0.003125 0.011111111111111112
8 0.00390625 0.4930555555555556 0.0078125 0.025
8 0.54140625 0.47638888888888886 0.0328125 0.025
13 0.36875 0.4361111111111111 0.040625 0.022222222222222223
13 0.3703125 0.43472222222222223 0.00625 0.008333333333333333
8 0.025 0.5527777777777778 0.028125 0.027777777777777776
8 0.2890625 0.4875 0.0375 0.025
8 0.378125 0.6083333333333333 0.071875 0.022222222222222223
8 0.30078125 0.48333333333333334 0.0140625 0.016666666666666666
8 0.25703125 0.6138888888888889 0.0765625 0.06111111111111111
8 0.2609375 0.6 0.071875 0.05555555555555555
6 0.01328125 0.4041666666666667 0.0265625 0.041666666666666664
6 0.0453125 0.4 0.0375 0.03333333333333333
12 0.17421875 0.45416666666666666 0.0421875 0.04722222222222222
12 0.09140625 0.45416666666666666 0.0171875 0.058333333333333334
12 0.21484375 0.45416666666666666 0.0421875 0.05277777777777778
12 0.12890625 0.45555555555555555 0.0453125 0.05555555555555555
11 0.165625 0.40555555555555556 0.00625 0.022222222222222223
11 0.1734375 0.4041666666666667 0.00625 0.025
15 0.2125 0.42916666666666664 0.053125 0.10277777777777777
7 0.32890625 0.525 0.0171875 0.05555555555555555
16 0.48125 0.44027777777777777 0.015625 0.04722222222222222
16 0.4984375 0.4388888888888889 0.015625 0.05
16 0.5171875 0.4375 0.015625 0.04722222222222222
9 0.2390625 0.49166666666666664 0.003125 0.011111111111111112
9 0.18359375 0.5027777777777778 0.0046875 0.022222222222222223
9 0.52734375 0.5069444444444444 0.0078125 0.058333333333333334
9 0.66796875 0.4625 0.0015625 0.019444444444444445
11 0.36640625 0.40694444444444444 0.0046875 0.019444444444444445
11 0.54140625 0.4111111111111111 0.0015625 0.027777777777777776
