5 0.021875 0.6847222222222222 0.04375 0.4583333333333333
5 0.390625 0.3375 0.028125 0.10833333333333334
5 0.36640625 0.32916666666666666 0.0328125 0.09166666666666666
5 0.215625 0.3625 0.040625 0.14166666666666666
5 0.18515625 0.35555555555555557 0.0359375 0.12777777777777777
16 0.85546875 0.30277777777777776 0.0234375 0.027777777777777776
14 0.4828125 0.29305555555555557 0.009375 0.013888888888888888
14 0.334375 0.28194444444444444 0.00625 0.002777777777777778
14 0.48125 0.30416666666666664 0.00625 0.008333333333333333
14 0.4859375 0.30277777777777776 0.003125 0.005555555555555556
3 0.45234375 0.3125 0.0015625 0.002777777777777778
8 0.48125 0.31805555555555554 0.0125 0.013888888888888888
8 0.96640625 0.3402777777777778 0.0171875 0.019444444444444445
8 0.546875 0.31805555555555554 0.025 0.008333333333333333
8 0.66796875 0.32083333333333336 0.0046875 0.013888888888888888
8 0.41796875 0.32222222222222224 0.0046875 0.011111111111111112
8 0.41875 0.3236111111111111 0.00625 0.013888888888888888
8 0.64296875 0.4111111111111111 0.0484375 0.03333333333333333
8 0.5625 0.40694444444444444 0.046875 0.013888888888888888
8 0.98359375 0.45416666666666666 0.0265625 0.019444444444444445
8 0.828125 0.43194444444444446 0.003125 0.002777777777777778
8 0.80546875 0.43472222222222223 0.0421875 0.019444444444444445
8 0.72578125 0.42777777777777776 0.0171875 0.016666666666666666
8 0.6984375 0.43194444444444446 0.059375 0.03611111111111111
8 0.646875 0.425 0.046875 0.03333333333333333
8 0.58828125 0.41944444444444445 0.0546875 0.03333333333333333
8 0.55234375 0.4111111111111111 0.0296875 0.022222222222222223
8 0.44375 0.4152777777777778 0.003125 0.008333333333333333
8 0.721875 0.425 0.0125 0.011111111111111112
8 0.68359375 0.4166666666666667 0.0421875 0.022222222222222223
8 0.60234375 0.40694444444444444 0.0421875 0.025
8 0.5421875 0.4027777777777778 0.009375 0.005555555555555556
8 0.32265625 0.38333333333333336 0.0078125 0.022222222222222223
8 0.53203125 0.46111111111111114 0.0109375 0.03333333333333333
8 0.57265625 0.6430555555555556 0.1140625 0.08055555555555556
8 0.53671875 0.6666666666666666 0.1265625 0.08888888888888889
12 0.4171875 0.31527777777777777 0.00625 0.03611111111111111
13 0.48671875 0.3263888888888889 0.0328125 0.030555555555555555
8 0.56796875 0.3236111111111111 0.0046875 0.013888888888888888
8 0.47734375 0.31805555555555554 0.0046875 0.013888888888888888
13 0.5 0.325 0.0375 0.03333333333333333
8 0.41640625 0.32222222222222224 0.0015625 0.005555555555555556
12 0.41875 0.3055555555555556 0.00625 0.022222222222222223
8 0.74140625 0.3402777777777778 0.0265625 0.008333333333333333
8 0.29296875 0.32222222222222224 0.0015625 0.005555555555555556
8 0.62109375 0.33194444444444443 0.0046875 0.008333333333333333
8 0.92109375 0.3625 0.0140625 0.013888888888888888
8 0.4953125 0.31666666666666665 0.021875 0.005555555555555556
8 0.05859375 0.5305555555555556 0.0546875 0.05555555555555555
8 0.0296875 0.5361111111111111 0.00625 0.044444444444444446
13 0.03984375 0.2722222222222222 0.0203125 0.005555555555555556
13 0.025 0.275 0.015625 0.011111111111111112
13 0.02890625 0.275 0.0109375 0.005555555555555556
13 0.54296875 0.30416666666666664 0.0015625 0.008333333333333333
12 0.97421875 0.40555555555555556 0.0484375 0.07222222222222222
12 0.91953125 0.4 0.0640625 0.07222222222222222
12 0.859375 0.3958333333333333 0.0625 0.06944444444444445
12 0.80234375 0.3958333333333333 0.0609375 0.075
12 0.7484375 0.3875 0.059375 0.06944444444444445
12 0.69921875 0.3861111111111111 0.0578125 0.07222222222222222
12 0.64765625 0.38055555555555554 0.0515625 0.06666666666666667
12 0.58828125 0.375 0.0546875 0.06666666666666667
12 0.5421875 0.37222222222222223 0.053125 0.06666666666666667
12 0.50234375 0.35694444444444445 0.0515625 0.03611111111111111
12 0.4640625 0.3611111111111111 0.05 0.05
12 0.7390625 0.35138888888888886 0.053125 0.013888888888888888
12 0.690625 0.3486111111111111 0.053125 0.013888888888888888
12 0.6046875 0.36666666666666664 0.05 0.06111111111111111
12 0.5265625 0.33611111111111114 0.046875 0.011111111111111112
12 0.50390625 0.4097222222222222 0.0671875 0.08055555555555556
12 0.5703125 0.5472222222222223 0.115625 0.15
12 0.5359375 0.5680555555555555 0.121875 0.16944444444444445
12 0.0484375 0.2708333333333333 0.00625 0.002777777777777778
12 0.6734375 0.32916666666666666 0.028125 0.025
12 0.64609375 0.36666666666666664 0.0515625 0.05555555555555555
12 0.56484375 0.3388888888888889 0.0484375 0.011111111111111112
15 0.40078125 0.26805555555555555 0.0265625 0.019444444444444445
15 0.015625 0.2833333333333333 0.021875 0.005555555555555556
14 0.9484375 0.3611111111111111 0.028125 0.027777777777777776
14 0.9828125 0.4513888888888889 0.025 0.019444444444444445
14 0.9359375 0.40555555555555556 0.025 0.03333333333333333
14 0.7703125 0.6847222222222222 0.065625 0.10277777777777777
14 0.71875 0.6680555555555555 0.05 0.058333333333333334
14 0.72265625 0.7111111111111111 0.0265625 0.03333333333333333
14 0.70078125 0.7055555555555556 0.0296875 0.03333333333333333
3 0.74765625 0.7388888888888889 0.1234375 0.05
14 0.87578125 0.7069444444444445 0.0703125 0.11388888888888889
14 0.93046875 0.7180555555555556 0.0640625 0.06944444444444445
14 0.9078125 0.7569444444444444 0.03125 0.03611111111111111
14 0.93984375 0.7638888888888888 0.0359375 0.03888888888888889
14 0.9625 0.7486111111111111 0.0125 0.03611111111111111
3 0.90390625 0.7819444444444444 0.1453125 0.06388888888888888
7 0.28671875 0.29444444444444445 0.0015625 0.005555555555555556
7 0.56796875 0.31805555555555554 0.0046875 0.013888888888888888
7 0.453125 0.3055555555555556 0.003125 0.011111111111111112
7 0.56015625 0.32916666666666666 0.0078125 0.013888888888888888
7 0.3015625 0.3402777777777778 0.009375 0.002777777777777778
7 0.8203125 0.4388888888888889 0.009375 0.005555555555555556
7 0.2328125 0.9152777777777777 0.0625 0.1638888888888889
16 0.8421875 0.4930555555555556 0.06875 0.10277777777777777
16 0.67578125 0.6083333333333333 0.0578125 0.09444444444444444
4 0.49609375 0.7111111111111111 0.0828125 0.07777777777777778
2 0.54921875 0.2777777777777778 0.0171875 0.005555555555555556
2 0.55 0.27361111111111114 0.015625 0.008333333333333333
2 0.5296875 0.2777777777777778 0.009375 0.005555555555555556
2 0.5265625 0.2708333333333333 0.015625 0.008333333333333333
2 0.5265625 0.2652777777777778 0.015625 0.008333333333333333
2 0.5 0.2763888888888889 0.0125 0.008333333333333333
2 0.59921875 0.2722222222222222 0.0171875 0.005555555555555556
9 0.096875 0.39861111111111114 0.00625 0.05277777777777778
9 0.27890625 0.4041666666666667 0.0046875 0.019444444444444445
9 0.10625 0.5472222222222223 0.01875 0.1
