5 0.4625 0.2902777777777778 0.034375 0.16944444444444445
16 0.48046875 0.4597222222222222 0.0515625 0.10277777777777777
16 0.50078125 0.2875 0.0421875 0.06388888888888888
8 0.125 0.27361111111111114 0.034375 0.025
8 0.16640625 0.26666666666666666 0.0203125 0.005555555555555556
8 0.084375 0.28055555555555556 0.0375 0.022222222222222223
8 0.484375 0.25833333333333336 0.009375 0.022222222222222223
8 0.315625 0.275 0.0375 0.011111111111111112
13 0.315625 0.23194444444444445 0.040625 0.04722222222222222
8 0.31171875 0.2763888888888889 0.0328125 0.008333333333333333
13 0.31171875 0.225 0.0390625 0.03888888888888889
8 0.71953125 0.2902777777777778 0.0390625 0.030555555555555555
8 0.71015625 0.2875 0.0203125 0.019444444444444445
8 0.01953125 0.3347222222222222 0.0296875 0.03611111111111111
8 0.02265625 0.33055555555555555 0.0109375 0.022222222222222223
8 0.803125 0.8125 0.190625 0.14166666666666666
8 0.73359375 0.7375 0.1546875 0.1361111111111111
8 0.99609375 0.7166666666666667 0.0046875 0.005555555555555556
8 0.94921875 0.6555555555555556 0.0609375 0.044444444444444446
8 0.23671875 0.27361111111111114 0.0390625 0.025
8 0.39453125 0.3861111111111111 0.0609375 0.044444444444444446
8 0.3640625 0.37222222222222223 0.009375 0.044444444444444446
8 0.240625 0.26944444444444443 0.01875 0.016666666666666666
8 0.26640625 0.3875 0.0265625 0.05277777777777778
8 0.26484375 0.375 0.0296875 0.05
12 0.128125 0.24166666666666667 0.03125 0.044444444444444446
12 0.1671875 0.24027777777777778 0.040625 0.058333333333333334
12 0.071875 0.2569444444444444 0.015625 0.030555555555555555
11 0.0921875 0.19583333333333333 0.00625 0.025
11 0.09921875 0.19722222222222222 0.0078125 0.027777777777777776
15 0.9484375 0.1625 0.040625 0.025
15 0.15 0.21944444444444444 0.053125 0.10555555555555556
7 0.35 0.29305555555555557 0.01875 0.06944444444444445
7 0.3203125 0.26805555555555555 0.009375 0.013888888888888888
16 0.38671875 0.20555555555555555 0.0140625 0.005555555555555556
16 0.403125 0.2152777777777778 0.015625 0.030555555555555555
16 0.4203125 0.21944444444444444 0.015625 0.03888888888888889
16 0.4375 0.2222222222222222 0.015625 0.044444444444444446
9 0.16953125 0.30833333333333335 0.0078125 0.06111111111111111
9 0.48515625 0.2861111111111111 0.0078125 0.05555555555555555
9 0.4140625 0.7472222222222222 0.021875 0.17777777777777778
11 0.29140625 0.1986111111111111 0.0046875 0.030555555555555555
11 0.45859375 0.19305555555555556 0.0046875 0.019444444444444445
11 0.59921875 0.18333333333333332 0.0046875 0.022222222222222223
