5 0.24765625 0.5013888888888889 0.0671875 0.21944444444444444
5 0.19140625 0.49583333333333335 0.0671875 0.21944444444444444
5 0.2828125 0.3375 0.025 0.09722222222222222
5 0.265625 0.3402777777777778 0.025 0.09722222222222222
5 0.159375 0.35 0.03125 0.1
5 0.13359375 0.31666666666666665 0.0296875 0.03333333333333333
8 0.23828125 0.325 0.0140625 0.011111111111111112
3 0.2390625 0.31805555555555554 0.0125 0.002777777777777778
14 0.2359375 0.3125 0.00625 0.008333333333333333
14 0.24296875 0.3125 0.0078125 0.008333333333333333
14 0.2421875 0.30416666666666664 0.00625 0.008333333333333333
14 0.23828125 0.30416666666666664 0.0078125 0.008333333333333333
16 0.628125 0.2972222222222222 0.01875 0.022222222222222223
14 0.14140625 0.2847222222222222 0.0015625 0.002777777777777778
14 0.3171875 0.2875 0.00625 0.002777777777777778
3 0.2296875 0.3125 0.00625 0.002777777777777778
8 0.7109375 0.3263888888888889 0.009375 0.013888888888888888
8 0.371875 0.3138888888888889 0.015625 0.011111111111111112
8 0.23515625 0.31805555555555554 0.0140625 0.008333333333333333
8 0.4859375 0.3819444444444444 0.0375 0.019444444444444445
8 0.9453125 0.4236111111111111 0.021875 0.019444444444444445
8 0.91171875 0.4222222222222222 0.0421875 0.022222222222222223
8 0.8578125 0.4111111111111111 0.04375 0.016666666666666666
8 0.8015625 0.4125 0.040625 0.025
8 0.759375 0.4083333333333333 0.040625 0.022222222222222223
8 0.728125 0.40694444444444444 0.025 0.019444444444444445
8 0.67109375 0.3972222222222222 0.0234375 0.005555555555555556
8 0.63984375 0.4027777777777778 0.0359375 0.022222222222222223
8 0.6 0.39305555555555555 0.0375 0.008333333333333333
8 0.56171875 0.3972222222222222 0.0359375 0.022222222222222223
8 0.5296875 0.3958333333333333 0.040625 0.025
8 0.4921875 0.39166666666666666 0.034375 0.022222222222222223
8 0.45078125 0.3902777777777778 0.0328125 0.025
8 0.3703125 0.3875 0.01875 0.019444444444444445
8 0.3515625 0.38472222222222224 0.034375 0.019444444444444445
8 0.87265625 0.4027777777777778 0.0296875 0.016666666666666666
8 0.5640625 0.3875 0.0125 0.002777777777777778
8 0.51796875 0.3875 0.0328125 0.013888888888888888
8 0.4546875 0.38333333333333336 0.025 0.016666666666666666
8 0.37734375 0.38333333333333336 0.0015625 0.011111111111111112
8 0.2375 0.37083333333333335 0.03125 0.019444444444444445
8 0.3796875 0.4125 0.003125 0.013888888888888888
8 0.4953125 0.5027777777777778 0.0625 0.044444444444444446
8 0.4796875 0.5125 0.06875 0.04722222222222222
8 0.41015625 0.3138888888888889 0.0078125 0.005555555555555556
8 0.95859375 0.3402777777777778 0.0171875 0.013888888888888888
13 0.959375 0.31666666666666665 0.01875 0.03333333333333333
12 0.984375 0.32083333333333336 0.021875 0.030555555555555555
8 0.965625 0.35138888888888886 0.021875 0.013888888888888888
13 0.965625 0.33055555555555555 0.021875 0.03888888888888889
13 0.890625 0.32083333333333336 0.01875 0.025
8 0.915625 0.3388888888888889 0.00625 0.016666666666666666
8 0.87734375 0.33194444444444443 0.0015625 0.002777777777777778
12 0.88359375 0.3125 0.0171875 0.030555555555555555
8 0.8484375 0.3347222222222222 0.01875 0.013888888888888888
8 0.915625 0.3347222222222222 0.00625 0.013888888888888888
12 0.91171875 0.3138888888888889 0.0171875 0.03333333333333333
12 0.996875 0.32083333333333336 0.003125 0.025
13 0.99765625 0.3125 0.0015625 0.019444444444444445
8 0.95703125 0.33194444444444443 0.0078125 0.002777777777777778
13 0.96015625 0.3125 0.0171875 0.030555555555555555
13 0.34375 0.325 0.03125 0.03333333333333333
8 0.5640625 0.31805555555555554 0.00625 0.008333333333333333
8 0.40859375 0.31666666666666665 0.0078125 0.011111111111111112
13 0.35546875 0.3194444444444444 0.0296875 0.022222222222222223
8 0.9640625 0.3458333333333333 0.028125 0.008333333333333333
13 0.96640625 0.325 0.0296875 0.03333333333333333
13 0.96640625 0.325 0.0171875 0.03333333333333333
12 0.88984375 0.3263888888888889 0.0328125 0.030555555555555555
8 0.87109375 0.34305555555555556 0.0015625 0.008333333333333333
13 0.88125 0.3236111111111111 0.021875 0.03611111111111111
8 0.54765625 0.33055555555555555 0.0234375 0.005555555555555556
8 0.68046875 0.34444444444444444 0.0109375 0.011111111111111112
8 0.50859375 0.9625 0.0703125 0.06944444444444445
8 0.98671875 0.5555555555555556 0.0109375 0.05555555555555555
8 0.99296875 0.5763888888888888 0.0109375 0.05277777777777778
8 0.625 0.6958333333333333 0.10625 0.08611111111111111
8 0.60234375 0.6694444444444444 0.0890625 0.07222222222222222
8 0.1140625 0.46805555555555556 0.05625 0.03611111111111111
8 0.08203125 0.47638888888888886 0.0640625 0.041666666666666664
8 0.0296875 0.46111111111111114 0.046875 0.03333333333333333
8 0.0109375 0.46111111111111114 0.009375 0.016666666666666666
8 0.9359375 0.7 0.009375 0.011111111111111112
8 0.87421875 0.7347222222222223 0.1203125 0.06944444444444445
13 0.36796875 0.3 0.0078125 0.011111111111111112
12 0.91171875 0.38333333333333336 0.0421875 0.05555555555555555
12 0.85703125 0.38055555555555554 0.0421875 0.05555555555555555
12 0.803125 0.37777777777777777 0.040625 0.05555555555555555
12 0.759375 0.375 0.040625 0.05555555555555555
12 0.71953125 0.3736111111111111 0.0390625 0.05277777777777778
12 0.6796875 0.3638888888888889 0.040625 0.03888888888888889
12 0.640625 0.36666666666666664 0.040625 0.05
12 0.6015625 0.36666666666666664 0.040625 0.05
12 0.5640625 0.3638888888888889 0.040625 0.05
12 0.52890625 0.3638888888888889 0.0390625 0.05
12 0.4921875 0.3611111111111111 0.034375 0.05
12 0.446875 0.35833333333333334 0.0375 0.05
12 0.41171875 0.3486111111111111 0.0390625 0.030555555555555555
12 0.3796875 0.3527777777777778 0.0375 0.044444444444444446
12 0.3484375 0.3541666666666667 0.0375 0.04722222222222222
12 0.8671875 0.3736111111111111 0.040625 0.05277777777777778
12 0.5546875 0.3375 0.0375 0.008333333333333333
12 0.5203125 0.3347222222222222 0.0375 0.008333333333333333
12 0.453125 0.3347222222222222 0.03125 0.013888888888888888
12 0.39375 0.33055555555555555 0.0375 0.005555555555555556
12 0.4015625 0.38333333333333336 0.04375 0.05555555555555555
12 0.0109375 0.3402777777777778 0.015625 0.002777777777777778
12 0.49296875 0.4486111111111111 0.0640625 0.08055555555555556
12 0.47890625 0.4597222222222222 0.0671875 0.08611111111111111
12 0.49921875 0.32222222222222224 0.0265625 0.022222222222222223
12 0.48828125 0.3347222222222222 0.0265625 0.008333333333333333
12 0.42421875 0.33055555555555555 0.0359375 0.005555555555555556
12 0.95703125 0.37916666666666665 0.0421875 0.041666666666666664
15 0.2359375 0.2708333333333333 0.025 0.019444444444444445
14 0.75546875 0.3333333333333333 0.0078125 0.005555555555555556
14 0.75546875 0.3277777777777778 0.0078125 0.005555555555555556
14 0.7609375 0.33611111111111114 0.003125 0.005555555555555556
15 0.778125 0.31805555555555554 0.0375 0.06944444444444445
14 0.7640625 0.32222222222222224 0.0125 0.016666666666666666
14 0.75546875 0.34305555555555556 0.0109375 0.013888888888888888
14 0.6984375 0.3416666666666667 0.01875 0.016666666666666666
14 0.7515625 0.40694444444444444 0.00625 0.013888888888888888
14 0.759375 0.4125 0.009375 0.008333333333333333
14 0.76875 0.4111111111111111 0.00625 0.005555555555555556
14 0.72734375 0.4027777777777778 0.0203125 0.016666666666666666
14 0.690625 0.38333333333333336 0.015625 0.05
14 0.690625 0.5166666666666667 0.025 0.027777777777777776
14 0.68203125 0.5347222222222222 0.0078125 0.013888888888888888
14 0.69375 0.5361111111111111 0.015625 0.016666666666666666
14 0.70390625 0.5305555555555556 0.0046875 0.016666666666666666
3 0.69609375 0.5472222222222223 0.0296875 0.022222222222222223
7 0.29921875 0.3055555555555556 0.0046875 0.011111111111111112
7 0.40546875 0.32222222222222224 0.0015625 0.005555555555555556
7 0.95078125 0.4236111111111111 0.0171875 0.019444444444444445
7 0.946875 0.4527777777777778 0.075 0.08333333333333333
7 0.4234375 0.5458333333333333 0.01875 0.025
16 0.95703125 0.4111111111111111 0.0484375 0.022222222222222223
16 0.97734375 0.37083333333333335 0.0328125 0.04722222222222222
16 0.859375 0.33055555555555555 0.034375 0.027777777777777776
16 0.63515625 0.42083333333333334 0.0421875 0.058333333333333334
16 0.17265625 0.5791666666666667 0.0859375 0.10833333333333334
16 0.5578125 0.4847222222222222 0.03125 0.06944444444444445
16 0.1453125 0.5958333333333333 0.090625 0.11944444444444445
4 0.80078125 0.3333333333333333 0.0078125 0.005555555555555556
4 0.74609375 0.33194444444444443 0.0046875 0.008333333333333333
4 0.4734375 0.5347222222222222 0.01875 0.030555555555555555
2 0.38515625 0.28055555555555556 0.0109375 0.005555555555555556
2 0.38359375 0.2763888888888889 0.0140625 0.008333333333333333
2 0.36484375 0.28055555555555556 0.0109375 0.005555555555555556
2 0.36328125 0.275 0.0140625 0.005555555555555556
2 0.36328125 0.26944444444444443 0.0109375 0.005555555555555556
2 0.33828125 0.2791666666666667 0.0140625 0.008333333333333333
2 0.425 0.2763888888888889 0.0125 0.008333333333333333
9 0.96328125 0.3416666666666667 0.0015625 0.011111111111111112
9 0.2265625 0.38333333333333336 0.003125 0.011111111111111112
9 0.7921875 0.5347222222222222 0.0125 0.08055555555555556
