5 0.9890625 0.3472222222222222 0.01875 0.03333333333333333
16 0.825 0.4305555555555556 0.0375 0.06666666666666667
8 0.3296875 0.44305555555555554 0.01875 0.025
8 0.2828125 0.45416666666666666 0.03125 0.030555555555555555
8 0.3953125 0.45 0.01875 0.016666666666666666
8 0.32109375 0.45 0.0453125 0.03333333333333333
8 0.00546875 0.4722222222222222 0.0109375 0.005555555555555556
13 0.12421875 0.43333333333333335 0.0046875 0.03888888888888889
8 0.52109375 0.4263888888888889 0.0109375 0.019444444444444445
13 0.53984375 0.3902777777777778 0.0484375 0.058333333333333334
8 0.51796875 0.425 0.0171875 0.022222222222222223
13 0.5234375 0.3888888888888889 0.0375 0.05555555555555555
13 0.0578125 0.44583333333333336 0.0875 0.05277777777777778
13 0.04140625 0.4444444444444444 0.0828125 0.06111111111111111
13 0.115625 0.43194444444444446 0.025 0.04722222222222222
8 0.3046875 0.5125 0.009375 0.041666666666666664
13 0.2734375 0.4513888888888889 0.06875 0.09166666666666666
13 0.26328125 0.4361111111111111 0.0390625 0.07222222222222222
8 0.7078125 0.38472222222222224 0.034375 0.019444444444444445
8 0.43671875 0.49444444444444446 0.0171875 0.03333333333333333
8 0.415625 0.4875 0.028125 0.041666666666666664
8 0.5234375 0.8958333333333334 0.13125 0.1361111111111111
8 0.6828125 0.9027777777777778 0.171875 0.18888888888888888
8 0.9328125 0.49722222222222223 0.0375 0.03333333333333333
8 0.04765625 0.46944444444444444 0.0109375 0.005555555555555556
8 0.91171875 0.5097222222222222 0.0796875 0.041666666666666664
8 0.8484375 0.5083333333333333 0.046875 0.05555555555555555
8 0.03359375 0.4513888888888889 0.0046875 0.008333333333333333
6 0.02109375 0.39166666666666666 0.0421875 0.10555555555555556
6 0.0625 0.3416666666666667 0.040625 0.011111111111111112
12 0.35546875 0.4 0.0359375 0.06111111111111111
12 0.27265625 0.4083333333333333 0.0546875 0.06666666666666667
12 0.38125 0.375 0.00625 0.011111111111111112
12 0.321875 0.40555555555555556 0.05625 0.06666666666666667
12 0.0046875 0.4236111111111111 0.009375 0.06944444444444445
11 0.19765625 0.3611111111111111 0.0078125 0.027777777777777776
11 0.20546875 0.35694444444444445 0.0078125 0.019444444444444445
15 0.92890625 0.3138888888888889 0.0296875 0.005555555555555556
15 0.325 0.3819444444444444 0.0625 0.11388888888888889
14 0.8921875 0.3472222222222222 0.00625 0.022222222222222223
14 0.8921875 0.36944444444444446 0.003125 0.011111111111111112
14 0.8921875 0.3680555555555556 0.00625 0.019444444444444445
7 0.8796875 0.7375 0.225 0.23055555555555557
7 0.73828125 0.4027777777777778 0.0046875 0.005555555555555556
16 0.834375 0.3819444444444444 0.003125 0.030555555555555555
16 0.5109375 0.38055555555555554 0.0125 0.022222222222222223
16 0.51484375 0.37916666666666665 0.0203125 0.025
16 0.52890625 0.37222222222222223 0.0171875 0.022222222222222223
9 0.4015625 0.44722222222222224 0.00625 0.005555555555555556
9 0.57109375 0.43333333333333335 0.0015625 0.011111111111111112
9 0.78828125 0.42916666666666664 0.0078125 0.05277777777777778
9 0.73203125 0.3875 0.0015625 0.025
11 0.39140625 0.35694444444444445 0.0015625 0.008333333333333333
11 0.54140625 0.35555555555555557 0.0046875 0.027777777777777776
11 0.8125 0.3416666666666667 0.003125 0.005555555555555556
