5 0.984375 0.35833333333333334 0.028125 0.03333333333333333
16 0.81875 0.4222222222222222 0.03125 0.06111111111111111
8 0.3640625 0.43472222222222223 0.040625 0.025
8 0.29609375 0.44583333333333336 0.0203125 0.008333333333333333
8 0.41796875 0.43472222222222223 0.0453125 0.030555555555555555
8 0.35390625 0.44166666666666665 0.0390625 0.027777777777777776
8 0.034375 0.4861111111111111 0.05625 0.03888888888888889
8 0.0328125 0.4847222222222222 0.028125 0.025
8 0.003125 0.49444444444444446 0.00625 0.03333333333333333
8 0.203125 0.45416666666666666 0.025 0.013888888888888888
8 0.62734375 0.3958333333333333 0.0046875 0.013888888888888888
8 0.225 0.5388888888888889 0.0625 0.05
13 0.23203125 0.4777777777777778 0.0765625 0.1
8 0.553125 0.4222222222222222 0.03125 0.027777777777777776
13 0.5515625 0.3819444444444444 0.034375 0.05277777777777778
8 0.54375 0.41805555555555557 0.003125 0.019444444444444445
13 0.540625 0.3680555555555556 0.009375 0.030555555555555555
8 0.07109375 0.5652777777777778 0.0109375 0.013888888888888888
13 0.0375 0.4875 0.075 0.08055555555555556
8 0.14296875 0.5541666666666667 0.0859375 0.04722222222222222
13 0.1421875 0.4930555555555556 0.084375 0.10833333333333334
8 0.11796875 0.5430555555555555 0.0765625 0.04722222222222222
13 0.11953125 0.48194444444444445 0.0796875 0.10277777777777777
8 0.20625 0.5291666666666667 0.071875 0.04722222222222222
13 0.2078125 0.46805555555555556 0.075 0.09722222222222222
13 0.3265625 0.44027777777777777 0.071875 0.041666666666666664
13 0.30078125 0.43333333333333335 0.0703125 0.03888888888888889
13 0.025 0.4777777777777778 0.05 0.07222222222222222
8 0.77890625 0.35138888888888886 0.0265625 0.008333333333333333
8 0.690625 0.3638888888888889 0.025 0.016666666666666666
8 0.87890625 0.4083333333333333 0.0109375 0.005555555555555556
8 0.50078125 0.4986111111111111 0.0671875 0.041666666666666664
8 0.4703125 0.49027777777777776 0.0625 0.041666666666666664
8 0.2921875 0.6833333333333333 0.03125 0.06666666666666667
8 0.27421875 0.6708333333333333 0.0140625 0.058333333333333334
8 0.6984375 0.9055555555555556 0.103125 0.1111111111111111
8 0.8265625 0.9069444444444444 0.121875 0.1638888888888889
8 0.96171875 0.4986111111111111 0.0265625 0.025
8 0.95078125 0.4986111111111111 0.0390625 0.03611111111111111
8 0.1 0.475 0.021875 0.03333333333333333
8 0.91640625 0.5180555555555556 0.0703125 0.041666666666666664
8 0.871875 0.5097222222222222 0.06875 0.05277777777777778
8 0.09921875 0.4666666666666667 0.0546875 0.03333333333333333
8 0.32578125 0.9875 0.0109375 0.019444444444444445
6 0.04375 0.38472222222222224 0.04375 0.10277777777777777
6 0.08046875 0.38333333333333336 0.0421875 0.1
6 0.01171875 0.3638888888888889 0.0234375 0.05555555555555555
12 0.3625 0.39444444444444443 0.04375 0.05555555555555555
12 0.3015625 0.40555555555555556 0.053125 0.06111111111111111
12 0.415625 0.3958333333333333 0.0375 0.058333333333333334
12 0.3453125 0.4041666666666667 0.053125 0.06388888888888888
12 0.03125 0.4375 0.0625 0.08055555555555556
12 0.02265625 0.41805555555555557 0.0453125 0.041666666666666664
12 0.00234375 0.42777777777777776 0.0046875 0.044444444444444446
11 0.209375 0.35694444444444445 0.00625 0.03611111111111111
11 0.21640625 0.35555555555555557 0.0078125 0.03333333333333333
15 0.89296875 0.30694444444444446 0.0296875 0.03611111111111111
15 0.34453125 0.375 0.0703125 0.1111111111111111
14 0.8671875 0.32916666666666666 0.015625 0.019444444444444445
7 0.9421875 0.7902777777777777 0.1125 0.125
7 0.7125 0.43472222222222223 0.065625 0.06944444444444445
7 0.70234375 0.4388888888888889 0.0453125 0.07222222222222222
16 0.8203125 0.37083333333333335 0.015625 0.030555555555555555
16 0.53671875 0.3736111111111111 0.0015625 0.013888888888888888
9 0.4140625 0.44027777777777777 0.00625 0.002777777777777778
9 0.5921875 0.4513888888888889 0.003125 0.04722222222222222
9 0.78359375 0.41805555555555557 0.0046875 0.04722222222222222
9 0.7171875 0.38055555555555554 0.00625 0.03888888888888889
11 0.39375 0.3472222222222222 0.00625 0.027777777777777776
11 0.53203125 0.3388888888888889 0.0046875 0.027777777777777776
11 0.6375 0.3263888888888889 0.003125 0.025
11 0.7828125 0.3194444444444444 0.003125 0.022222222222222223
11 0.92421875 0.30694444444444446 0.0015625 0.002777777777777778
