5 0.63515625 0.4166666666666667 0.0578125 0.19444444444444445
16 0.953125 0.4375 0.01875 0.06388888888888888
16 0.2578125 0.49583333333333335 0.0125 0.10833333333333334
8 0.90234375 0.3875 0.0234375 0.013888888888888888
8 0.89609375 0.3819444444444444 0.0078125 0.002777777777777778
8 0.2125 0.40694444444444444 0.01875 0.030555555555555555
8 0.23203125 0.40555555555555556 0.0390625 0.027777777777777776
13 0.2328125 0.37083333333333335 0.0375 0.05277777777777778
8 0.58515625 0.43194444444444446 0.0421875 0.008333333333333333
8 0.00703125 0.4638888888888889 0.0140625 0.005555555555555556
8 0.2734375 0.425 0.04375 0.03333333333333333
8 0.3015625 0.42916666666666664 0.009375 0.019444444444444445
8 0.30703125 0.43194444444444446 0.0484375 0.030555555555555555
8 0.353125 0.4388888888888889 0.028125 0.016666666666666666
8 0.34296875 0.44305555555555554 0.0515625 0.03611111111111111
8 0.38203125 0.44166666666666665 0.0515625 0.03333333333333333
8 0.8609375 0.7222222222222222 0.01875 0.03888888888888889
8 0.95 0.425 0.025 0.022222222222222223
8 0.83984375 0.39305555555555555 0.0015625 0.002777777777777778
8 0.5921875 0.42916666666666664 0.003125 0.002777777777777778
13 0.08359375 0.33194444444444443 0.0171875 0.008333333333333333
12 0.89765625 0.35833333333333334 0.0265625 0.03888888888888889
12 0.88359375 0.3597222222222222 0.0359375 0.04722222222222222
12 0.61484375 0.30833333333333335 0.0109375 0.005555555555555556
12 0.6109375 0.30972222222222223 0.0125 0.008333333333333333
6 0.09765625 0.3527777777777778 0.0078125 0.07222222222222222
15 0.99609375 0.29305555555555557 0.0046875 0.002777777777777778
15 0.37734375 0.30694444444444446 0.0359375 0.013888888888888888
15 0.01171875 0.32083333333333336 0.0234375 0.030555555555555555
7 0.32890625 0.5388888888888889 0.1265625 0.16111111111111112
7 0.3828125 0.5472222222222223 0.096875 0.15555555555555556
7 0.23359375 0.3972222222222222 0.0359375 0.06111111111111111
16 0.4375 0.35138888888888886 0.0125 0.03611111111111111
9 0.53359375 0.6236111111111111 0.0203125 0.14166666666666666
