5 0.11484375 0.39444444444444443 0.0234375 0.09444444444444444
5 0.09140625 0.39444444444444443 0.0234375 0.09444444444444444
8 0.07578125 0.41944444444444445 0.0078125 0.005555555555555556
8 0.996875 0.46944444444444444 0.003125 0.016666666666666666
8 0.7515625 0.4513888888888889 0.0375 0.025
8 0.70703125 0.44722222222222224 0.0203125 0.011111111111111112
8 0.1609375 0.4361111111111111 0.00625 0.016666666666666666
8 0.71171875 0.44722222222222224 0.0328125 0.016666666666666666
8 0.2171875 0.46111111111111114 0.01875 0.016666666666666666
8 0.2265625 0.475 0.03125 0.011111111111111112
8 0.8765625 0.4708333333333333 0.03125 0.03611111111111111
12 0.88359375 0.38472222222222224 0.0140625 0.002777777777777778
12 0.85859375 0.39305555555555555 0.0015625 0.019444444444444445
12 0.86796875 0.3958333333333333 0.0203125 0.025
13 0.8765625 0.38472222222222224 0.025 0.002777777777777778
13 0.19921875 0.7472222222222222 0.3984375 0.5
8 0.0109375 0.7319444444444444 0.021875 0.10833333333333334
8 0.94375 0.5166666666666667 0.090625 0.05
8 0.93203125 0.5097222222222222 0.0796875 0.05277777777777778
8 0.8109375 0.5125 0.0625 0.041666666666666664
8 0.8140625 0.5152777777777777 0.08125 0.05277777777777778
8 0.26484375 0.6027777777777777 0.0078125 0.022222222222222223
8 0.56875 0.6055555555555555 0.00625 0.005555555555555556
8 0.56875 0.5916666666666667 0.125 0.08888888888888889
12 0.75078125 0.4152777777777778 0.0390625 0.05277777777777778
12 0.7046875 0.41388888888888886 0.028125 0.05555555555555555
12 0.47421875 0.4125 0.0078125 0.013888888888888888
12 0.43125 0.43472222222222223 0.003125 0.002777777777777778
12 0.37265625 0.43194444444444446 0.0015625 0.002777777777777778
12 0.16875 0.4166666666666667 0.01875 0.027777777777777776
12 0.7109375 0.41388888888888886 0.034375 0.05
12 0.24296875 0.4388888888888889 0.0046875 0.06666666666666667
12 0.2296875 0.44027777777777777 0.0375 0.06944444444444445
12 0.996875 0.4222222222222222 0.003125 0.06666666666666667
15 0.99765625 0.36666666666666664 0.0015625 0.011111111111111112
14 0.4421875 0.4666666666666667 0.0375 0.016666666666666666
14 0.4703125 0.48194444444444445 0.03125 0.025
14 0.47890625 0.5013888888888889 0.0078125 0.013888888888888888
14 0.48515625 0.4986111111111111 0.0046875 0.013888888888888888
3 0.4796875 0.5083333333333333 0.009375 0.005555555555555556
7 0.75234375 0.45555555555555555 0.0359375 0.06666666666666667
7 0.11640625 0.5138888888888888 0.0515625 0.15555555555555556
16 0.43359375 0.43333333333333335 0.0078125 0.03333333333333333
2 0.24609375 0.3625 0.0046875 0.002777777777777778
