5 0.93671875 0.3416666666666667 0.0578125 0.12777777777777777
5 0.87890625 0.3680555555555556 0.0609375 0.18055555555555555
5 0.353125 0.26944444444444443 0.015625 0.09444444444444444
5 0.3515625 0.2708333333333333 0.015625 0.09722222222222222
5 0.31640625 0.2861111111111111 0.0328125 0.1111111111111111
5 0.28359375 0.23472222222222222 0.0296875 0.008333333333333333
5 0.46796875 0.4888888888888889 0.0390625 0.29444444444444445
16 0.1546875 0.8361111111111111 0.21875 0.23333333333333334
8 0.5796875 0.2513888888888889 0.00625 0.008333333333333333
8 0.5640625 0.3013888888888889 0.03125 0.019444444444444445
8 0.81953125 0.30972222222222223 0.0078125 0.008333333333333333
8 0.8 0.30972222222222223 0.028125 0.002777777777777778
8 0.765625 0.30972222222222223 0.03125 0.002777777777777778
8 0.74453125 0.30972222222222223 0.0046875 0.013888888888888888
8 0.69609375 0.30833333333333335 0.0171875 0.016666666666666666
8 0.62890625 0.3013888888888889 0.0140625 0.002777777777777778
8 0.58203125 0.30416666666666664 0.0015625 0.019444444444444445
8 0.55234375 0.30694444444444446 0.0265625 0.019444444444444445
8 0.4703125 0.30833333333333335 0.0125 0.022222222222222223
8 0.44609375 0.30277777777777776 0.0328125 0.011111111111111112
8 0.58125 0.3 0.003125 0.016666666666666666
8 0.54453125 0.30416666666666664 0.0046875 0.013888888888888888
8 0.46875 0.2986111111111111 0.015625 0.008333333333333333
8 0.60234375 0.33055555555555555 0.0390625 0.027777777777777776
8 0.79609375 0.2513888888888889 0.0171875 0.008333333333333333
13 0.7953125 0.2361111111111111 0.01875 0.027777777777777776
12 0.840625 0.23333333333333334 0.021875 0.022222222222222223
12 0.8296875 0.23333333333333334 0.01875 0.016666666666666666
13 0.8421875 0.24166666666666667 0.01875 0.027777777777777776
8 0.775 0.2638888888888889 0.003125 0.011111111111111112
13 0.77578125 0.24305555555555555 0.0203125 0.030555555555555555
8 0.73125 0.25416666666666665 0.00625 0.008333333333333333
12 0.7359375 0.2375 0.0125 0.019444444444444445
12 0.75078125 0.2263888888888889 0.0171875 0.013888888888888888
12 0.8546875 0.24027777777777778 0.01875 0.025
13 0.83984375 0.23333333333333334 0.0171875 0.022222222222222223
8 0.7859375 0.24861111111111112 0.00625 0.002777777777777778
13 0.78828125 0.23194444444444445 0.0171875 0.025
13 0.33515625 0.25972222222222224 0.0078125 0.03611111111111111
13 0.33515625 0.24861111111111112 0.0078125 0.013888888888888888
8 0.92890625 0.2638888888888889 0.0015625 0.005555555555555556
8 0.86328125 0.25 0.0109375 0.005555555555555556
13 0.8234375 0.24166666666666667 0.021875 0.027777777777777776
13 0.83203125 0.2388888888888889 0.0203125 0.022222222222222223
8 0.77890625 0.2652777777777778 0.0046875 0.008333333333333333
12 0.7828125 0.24444444444444444 0.028125 0.027777777777777776
13 0.7640625 0.2361111111111111 0.0125 0.016666666666666666
8 0.00390625 0.4527777777777778 0.0078125 0.03888888888888889
8 0.4140625 0.25416666666666665 0.003125 0.002777777777777778
8 0.3765625 0.2652777777777778 0.009375 0.008333333333333333
8 0.40390625 0.2625 0.0109375 0.002777777777777778
8 0.52109375 0.39444444444444443 0.0015625 0.005555555555555556
8 0.5078125 0.39444444444444443 0.040625 0.011111111111111112
8 0.403125 0.38055555555555554 0.046875 0.03333333333333333
8 0.3953125 0.3888888888888889 0.053125 0.03333333333333333
8 0.57578125 0.5930555555555556 0.0765625 0.019444444444444445
8 0.5765625 0.6027777777777777 0.096875 0.07777777777777778
8 0.72578125 0.5777777777777777 0.0984375 0.07777777777777778
8 0.74609375 0.6055555555555555 0.1109375 0.08333333333333333
8 0.01640625 0.44305555555555554 0.0296875 0.041666666666666664
12 0.94921875 0.26666666666666666 0.0359375 0.011111111111111112
12 0.90859375 0.2763888888888889 0.0359375 0.030555555555555555
12 0.86640625 0.2763888888888889 0.0359375 0.041666666666666664
12 0.8328125 0.2763888888888889 0.034375 0.041666666666666664
12 0.8 0.2763888888888889 0.0375 0.041666666666666664
12 0.7671875 0.2763888888888889 0.034375 0.041666666666666664
12 0.73203125 0.2763888888888889 0.0328125 0.041666666666666664
12 0.6984375 0.2777777777777778 0.034375 0.03888888888888889
12 0.6640625 0.27361111111111114 0.034375 0.030555555555555555
12 0.63046875 0.2791666666666667 0.0328125 0.041666666666666664
12 0.5921875 0.2763888888888889 0.025 0.041666666666666664
12 0.5484375 0.2791666666666667 0.03125 0.041666666666666664
12 0.4703125 0.2791666666666667 0.0125 0.041666666666666664
12 0.4453125 0.28055555555555556 0.03125 0.044444444444444446
12 0.89609375 0.2611111111111111 0.0359375 0.016666666666666666
12 0.6296875 0.25555555555555554 0.03125 0.005555555555555556
12 0.596875 0.2708333333333333 0.03125 0.03611111111111111
12 0.5390625 0.2708333333333333 0.015625 0.03611111111111111
12 0.46484375 0.2652777777777778 0.0234375 0.025
12 0.603125 0.2972222222222222 0.0375 0.05
12 0.90703125 0.35138888888888886 0.0015625 0.025
12 0.49765625 0.24444444444444444 0.0078125 0.011111111111111112
12 0.56484375 0.27361111111111114 0.0296875 0.041666666666666664
12 0.984375 0.2791666666666667 0.028125 0.03611111111111111
6 0.98046875 0.20555555555555555 0.0140625 0.027777777777777776
6 0.978125 0.20694444444444443 0.0125 0.030555555555555555
6 0.96796875 0.20694444444444443 0.0078125 0.030555555555555555
15 0.84453125 0.22083333333333333 0.0265625 0.041666666666666664
15 0.0328125 0.20694444444444443 0.003125 0.008333333333333333
15 0.89453125 0.2111111111111111 0.0296875 0.022222222222222223
14 0.67265625 0.25277777777777777 0.0046875 0.005555555555555556
14 0.67265625 0.24722222222222223 0.0046875 0.005555555555555556
15 0.6984375 0.2388888888888889 0.034375 0.06111111111111111
14 0.67734375 0.24305555555555555 0.0078125 0.013888888888888888
14 0.671875 0.2569444444444444 0.009375 0.002777777777777778
14 0.7609375 0.2569444444444444 0.01875 0.019444444444444445
14 0.77890625 0.28194444444444444 0.0046875 0.019444444444444445
14 0.78515625 0.30416666666666664 0.0234375 0.013888888888888888
14 0.7609375 0.28888888888888886 0.028125 0.03888888888888889
14 0.99140625 0.3680555555555556 0.0140625 0.03611111111111111
14 0.9765625 0.36666666666666664 0.025 0.016666666666666666
14 0.96484375 0.37777777777777777 0.0046875 0.011111111111111112
14 0.9875 0.3819444444444444 0.0125 0.008333333333333333
14 0.975 0.38055555555555554 0.015625 0.011111111111111112
3 0.98046875 0.3902777777777778 0.0359375 0.013888888888888888
7 0.54609375 0.24305555555555555 0.0109375 0.025
7 0.54765625 0.24166666666666667 0.0109375 0.022222222222222223
7 0.55 0.24305555555555555 0.009375 0.025
7 0.9296875 0.2513888888888889 0.00625 0.002777777777777778
7 0.3875 0.25555555555555554 0.00625 0.011111111111111112
7 0.4109375 0.25416666666666665 0.00625 0.008333333333333333
7 0.69453125 0.30416666666666664 0.0078125 0.013888888888888888
2 0.70390625 0.3 0.0015625 0.005555555555555556
7 0.65078125 0.825 0.0984375 0.2777777777777778
7 0.7671875 0.8319444444444445 0.1125 0.30277777777777776
16 0.90546875 0.24722222222222223 0.0046875 0.011111111111111112
16 0.725 0.24583333333333332 0.01875 0.025
16 0.9390625 0.22083333333333333 0.009375 0.002777777777777778
16 0.821875 0.31805555555555554 0.04375 0.05277777777777778
16 0.9640625 0.3763888888888889 0.003125 0.030555555555555555
16 0.95859375 0.44305555555555554 0.0765625 0.08611111111111111
4 0.65390625 0.25555555555555554 0.0109375 0.005555555555555556
4 0.6390625 0.25416666666666665 0.009375 0.002777777777777778
2 0.2890625 0.20972222222222223 0.0125 0.002777777777777778
2 0.26484375 0.20972222222222223 0.0109375 0.002777777777777778
2 0.26484375 0.20555555555555555 0.0109375 0.005555555555555556
2 0.33515625 0.2111111111111111 0.0109375 0.005555555555555556
2 0.33515625 0.21805555555555556 0.0109375 0.008333333333333333
9 0.84921875 0.2513888888888889 0.0015625 0.008333333333333333
9 0.42734375 0.325 0.0046875 0.044444444444444446
9 0.08515625 0.9291666666666667 0.0203125 0.1361111111111111
9 0.62109375 0.35833333333333334 0.0015625 0.027777777777777776
10 0.99453125 0.16111111111111112 0.0078125 0.005555555555555556
