5 0.66484375 0.8097222222222222 0.1390625 0.375
5 0.7421875 0.7875 0.115625 0.41944444444444445
5 0.5125 0.4152777777777778 0.059375 0.10277777777777777
16 0.95 0.6819444444444445 0.096875 0.13055555555555556
16 0.3453125 0.4583333333333333 0.04375 0.07777777777777778
14 0.48046875 0.30277777777777776 0.0140625 0.005555555555555556
8 0.16015625 0.4166666666666667 0.0421875 0.011111111111111112
8 0.0203125 0.4638888888888889 0.040625 0.03888888888888889
13 0.01953125 0.41388888888888886 0.0390625 0.07777777777777778
8 0.01328125 0.4638888888888889 0.0046875 0.011111111111111112
13 0.00859375 0.4041666666666667 0.0171875 0.06388888888888888
8 0.87265625 0.4125 0.0140625 0.002777777777777778
13 0.8859375 0.3458333333333333 0.0375 0.019444444444444445
8 0.55703125 0.41388888888888886 0.0265625 0.027777777777777776
8 0.54609375 0.41388888888888886 0.0046875 0.016666666666666666
8 0.26171875 0.3611111111111111 0.0390625 0.022222222222222223
8 0.78203125 0.4361111111111111 0.0046875 0.005555555555555556
8 0.8203125 0.43472222222222223 0.01875 0.030555555555555555
8 0.790625 0.4444444444444444 0.04375 0.03333333333333333
8 0.76796875 0.45555555555555555 0.0078125 0.03333333333333333
8 0.5015625 0.5819444444444445 0.04375 0.019444444444444445
8 0.38828125 0.6222222222222222 0.0921875 0.05555555555555555
8 0.3375 0.6069444444444444 0.0875 0.04722222222222222
15 0.8171875 0.30416666666666664 0.034375 0.04722222222222222
2 0.84609375 0.3486111111111111 0.0046875 0.008333333333333333
3 0.84609375 0.35694444444444445 0.0078125 0.008333333333333333
0 0.84453125 0.3416666666666667 0.0015625 0.005555555555555556
0 0.84609375 0.3388888888888889 0.0046875 0.005555555555555556
15 0.4984375 0.2902777777777778 0.0375 0.04722222222222222
14 0.64296875 0.33194444444444443 0.0140625 0.025
14 0.6125 0.35833333333333334 0.025 0.027777777777777776
14 0.6015625 0.38333333333333336 0.003125 0.016666666666666666
14 0.64765625 0.37083333333333335 0.0203125 0.05277777777777778
14 0.66796875 0.3263888888888889 0.0203125 0.025
14 0.65859375 0.3472222222222222 0.0171875 0.005555555555555556
14 0.66328125 0.34444444444444444 0.0265625 0.011111111111111112
14 0.4609375 0.30694444444444446 0.015625 0.002777777777777778
14 0.43515625 0.34305555555555556 0.0015625 0.013888888888888888
7 0.1890625 0.4861111111111111 0.084375 0.09444444444444444
7 0.15546875 0.49722222222222223 0.0828125 0.09444444444444444
16 0.55078125 0.9069444444444444 0.0890625 0.18055555555555555
16 0.45078125 0.8944444444444445 0.1296875 0.20555555555555555
16 0.00859375 0.38472222222222224 0.0171875 0.058333333333333334
16 0.01875 0.3819444444444444 0.03125 0.05277777777777778
16 0.03984375 0.38333333333333336 0.0328125 0.03888888888888889
4 0.5890625 0.4027777777777778 0.025 0.011111111111111112
4 0.5984375 0.39305555555555555 0.00625 0.002777777777777778
9 0.00078125 0.5875 0.0015625 0.002777777777777778
9 0.30703125 0.42916666666666664 0.0046875 0.019444444444444445
9 0.27265625 0.3875 0.0078125 0.04722222222222222
11 0.053125 0.34305555555555556 0.00625 0.03611111111111111
11 0.20078125 0.32083333333333336 0.0046875 0.030555555555555555
11 0.3828125 0.2972222222222222 0.003125 0.011111111111111112
11 0.540625 0.2861111111111111 0.003125 0.016666666666666666
