5 0.859375 0.6722222222222223 0.278125 0.65
5 0.2125 0.3638888888888889 0.059375 0.05555555555555555
5 0.26875 0.3638888888888889 0.053125 0.05555555555555555
16 0.07578125 0.48055555555555557 0.0515625 0.08888888888888889
8 0.653125 0.48333333333333334 0.053125 0.022222222222222223
8 0.65625 0.4861111111111111 0.04375 0.011111111111111112
8 0.59453125 0.4875 0.0015625 0.002777777777777778
8 0.609375 0.48194444444444445 0.03125 0.025
8 0.3828125 0.45694444444444443 0.00625 0.008333333333333333
8 0.640625 0.5458333333333333 0.0875 0.05277777777777778
13 0.64140625 0.475 0.0859375 0.1111111111111111
8 0.0703125 0.44722222222222224 0.0375 0.011111111111111112
13 0.07421875 0.41388888888888886 0.0296875 0.06111111111111111
12 0.0765625 0.3819444444444444 0.025 0.002777777777777778
8 0.08984375 0.44583333333333336 0.0359375 0.013888888888888888
13 0.08515625 0.4125 0.0421875 0.058333333333333334
8 0.4421875 0.5291666666666667 0.075 0.05277777777777778
13 0.4375 0.4638888888888889 0.08125 0.1
8 0.38515625 0.5194444444444445 0.0046875 0.005555555555555556
13 0.39296875 0.43472222222222223 0.0328125 0.05277777777777778
8 0.49765625 0.5347222222222222 0.0234375 0.041666666666666664
13 0.52734375 0.46944444444444444 0.0796875 0.10555555555555556
8 0.58671875 0.5263888888888889 0.0171875 0.04722222222222222
13 0.55234375 0.46111111111111114 0.0796875 0.08888888888888889
8 0.65859375 0.5375 0.0828125 0.04722222222222222
13 0.659375 0.4652777777777778 0.08125 0.09722222222222222
8 0.71875 0.55 0.0125 0.044444444444444446
13 0.7203125 0.48055555555555557 0.009375 0.1111111111111111
8 0.45390625 0.5222222222222223 0.0671875 0.044444444444444446
13 0.45859375 0.4583333333333333 0.0765625 0.09444444444444444
8 0.13125 0.5416666666666666 0.03125 0.027777777777777776
13 0.146875 0.475 0.059375 0.10555555555555556
8 0.24453125 0.6388888888888888 0.0109375 0.022222222222222223
8 0.3546875 0.625 0.053125 0.07222222222222222
6 0.67578125 0.375 0.0390625 0.03333333333333333
6 0.71171875 0.3888888888888889 0.0296875 0.06111111111111111
12 0.65078125 0.43333333333333335 0.0578125 0.07222222222222222
12 0.64609375 0.4152777777777778 0.0296875 0.03611111111111111
12 0.60859375 0.4111111111111111 0.0515625 0.03333333333333333
12 0.60078125 0.4305555555555556 0.0609375 0.06666666666666667
12 0.5484375 0.40694444444444444 0.059375 0.019444444444444445
12 0.4875 0.42916666666666664 0.059375 0.06944444444444445
12 0.496875 0.4111111111111111 0.046875 0.03333333333333333
11 0.3234375 0.38055555555555554 0.00625 0.011111111111111112
14 0.03984375 0.4736111111111111 0.0109375 0.008333333333333333
14 0.0171875 0.5041666666666667 0.034375 0.05277777777777778
15 0.0203125 0.44583333333333336 0.040625 0.18611111111111112
3 0.028125 0.5319444444444444 0.05625 0.019444444444444445
14 0.015625 0.45694444444444443 0.03125 0.041666666666666664
14 0.04140625 0.5041666666666667 0.0140625 0.03611111111111111
15 0.3609375 0.4 0.053125 0.1111111111111111
7 0.0046875 0.9819444444444444 0.009375 0.030555555555555555
4 0.11796875 0.5611111111111111 0.0078125 0.016666666666666666
10 0.403125 0.32083333333333336 0.009375 0.008333333333333333
10 0.50078125 0.31805555555555554 0.0140625 0.013888888888888888
