5 0.32421875 0.22361111111111112 0.0234375 0.041666666666666664
5 0.3421875 0.225 0.025 0.044444444444444446
5 0.44921875 0.2777777777777778 0.0390625 0.09444444444444444
5 0.4203125 0.27361111111111114 0.0375 0.09166666666666666
5 0.65 0.35833333333333334 0.065625 0.17777777777777778
5 0.43125 0.275 0.040625 0.08888888888888889
5 0.971875 0.1597222222222222 0.009375 0.008333333333333333
5 0.96484375 0.16111111111111112 0.0078125 0.005555555555555556
5 0.97421875 0.19027777777777777 0.0109375 0.05277777777777778
5 0.9625 0.19027777777777777 0.015625 0.05277777777777778
5 0.95234375 0.1625 0.0171875 0.008333333333333333
5 0.02578125 0.23472222222222222 0.0390625 0.06388888888888888
5 0.05703125 0.24027777777777778 0.0359375 0.075
5 0.0859375 0.23055555555555557 0.034375 0.06111111111111111
5 0.1203125 0.1986111111111111 0.025 0.030555555555555555
5 0.44140625 0.175 0.0203125 0.011111111111111112
6 0.890625 0.16944444444444445 0.003125 0.03333333333333333
6 0.90234375 0.1638888888888889 0.0109375 0.022222222222222223
6 0.87734375 0.1638888888888889 0.0078125 0.022222222222222223
6 0.88515625 0.16666666666666666 0.0078125 0.022222222222222223
6 0.8609375 0.1625 0.00625 0.019444444444444445
6 0.86953125 0.1625 0.0078125 0.019444444444444445
6 0.84609375 0.16111111111111112 0.0078125 0.022222222222222223
6 0.85390625 0.16111111111111112 0.0078125 0.022222222222222223
6 0.83828125 0.15833333333333333 0.0078125 0.016666666666666666
6 0.83125 0.15138888888888888 0.00625 0.002777777777777778
5 0.69375 0.24166666666666667 0.034375 0.06111111111111111
6 0.721875 0.15416666666666667 0.003125 0.008333333333333333
6 0.7078125 0.15833333333333333 0.00625 0.016666666666666666
6 0.715625 0.15555555555555556 0.009375 0.011111111111111112
16 0.6265625 0.23194444444444445 0.01875 0.030555555555555555
16 0.39375 0.1763888888888889 0.00625 0.002777777777777778
8 0.74765625 0.20972222222222223 0.0046875 0.008333333333333333
8 0.72734375 0.2111111111111111 0.0046875 0.011111111111111112
8 0.53671875 0.25972222222222224 0.0015625 0.002777777777777778
8 0.26875 0.30833333333333335 0.00625 0.016666666666666666
8 0.26640625 0.30694444444444446 0.0015625 0.013888888888888888
8 0.1734375 0.32916666666666666 0.0125 0.013888888888888888
8 0.165625 0.33194444444444443 0.025 0.013888888888888888
8 0.1640625 0.3333333333333333 0.021875 0.016666666666666666
8 0.19453125 0.33611111111111114 0.0484375 0.022222222222222223
13 0.6109375 0.16805555555555557 0.00625 0.002777777777777778
13 0.70859375 0.17777777777777778 0.0078125 0.011111111111111112
13 0.68984375 0.18333333333333332 0.0109375 0.016666666666666666
8 0.9046875 0.5555555555555556 0.103125 0.07222222222222222
12 0.90859375 0.4736111111111111 0.0984375 0.14166666666666666
13 0.6140625 0.175 0.009375 0.005555555555555556
12 0.615625 0.1763888888888889 0.00625 0.008333333333333333
8 0.5171875 0.21805555555555556 0.00625 0.002777777777777778
12 0.778125 0.1625 0.003125 0.002777777777777778
8 0.53828125 0.20694444444444443 0.0109375 0.008333333333333333
13 0.51640625 0.19027777777777777 0.0140625 0.019444444444444445
8 0.79609375 0.1875 0.0046875 0.002777777777777778
13 0.796875 0.1763888888888889 0.003125 0.019444444444444445
12 0.33046875 0.19166666666666668 0.0171875 0.016666666666666666
13 0.34453125 0.19166666666666668 0.0109375 0.022222222222222223
13 0.35234375 0.19027777777777777 0.0046875 0.019444444444444445
13 0.81953125 0.16805555555555557 0.0015625 0.002777777777777778
8 0.95859375 0.5805555555555556 0.0796875 0.07777777777777778
12 0.96015625 0.49444444444444446 0.0765625 0.15
8 0.99140625 0.5402777777777777 0.0140625 0.05277777777777778
12 0.9890625 0.4583333333333333 0.01875 0.1111111111111111
8 0.93203125 0.5055555555555555 0.0859375 0.03888888888888889
12 0.9375 0.44305555555555554 0.096875 0.125
8 0.003125 0.2361111111111111 0.00625 0.011111111111111112
8 0.60859375 0.21944444444444444 0.0171875 0.016666666666666666
3 0.79140625 0.1986111111111111 0.0078125 0.002777777777777778
12 0.89140625 0.17777777777777778 0.0015625 0.016666666666666666
8 0.61796875 0.22083333333333333 0.0140625 0.013888888888888888
12 0.73203125 0.17083333333333334 0.0109375 0.013888888888888888
8 0.671875 0.2361111111111111 0.009375 0.011111111111111112
13 0.4421875 0.16805555555555557 0.00625 0.002777777777777778
8 0.54140625 0.20972222222222223 0.0046875 0.013888888888888888
12 0.546875 0.19305555555555556 0.0125 0.019444444444444445
12 0.73125 0.175 0.00625 0.016666666666666666
13 0.734375 0.17083333333333334 0.00625 0.008333333333333333
12 0.78359375 0.17916666666666667 0.0015625 0.008333333333333333
13 0.6421875 0.16805555555555557 0.009375 0.002777777777777778
13 0.734375 0.16805555555555557 0.003125 0.008333333333333333
12 0.77578125 0.1625 0.0140625 0.002777777777777778
13 0.76875 0.17083333333333334 0.003125 0.002777777777777778
13 0.75703125 0.18194444444444444 0.0015625 0.008333333333333333
8 0.83828125 0.9402777777777778 0.2140625 0.11388888888888889
13 0.84296875 0.8236111111111111 0.2109375 0.325
13 0.8453125 0.17777777777777778 0.003125 0.011111111111111112
12 0.76953125 0.1625 0.0109375 0.002777777777777778
12 0.64921875 0.16805555555555557 0.0046875 0.002777777777777778
13 0.71484375 0.16944444444444445 0.0140625 0.011111111111111112
8 0.6671875 0.23194444444444445 0.003125 0.008333333333333333
12 0.70625 0.16527777777777777 0.00625 0.002777777777777778
13 0.6453125 0.175 0.00625 0.011111111111111112
13 0.61328125 0.16805555555555557 0.0015625 0.002777777777777778
8 0.53125 0.20833333333333334 0.0125 0.011111111111111112
8 0.3890625 0.21944444444444444 0.00625 0.005555555555555556
8 0.003125 0.24583333333333332 0.00625 0.013888888888888888
8 0.36328125 0.2388888888888889 0.0140625 0.011111111111111112
8 0.8375 0.28888888888888886 0.025 0.022222222222222223
8 0.86640625 0.28888888888888886 0.0203125 0.022222222222222223
8 0.95234375 0.3333333333333333 0.0109375 0.022222222222222223
8 0.74375 0.4125 0.04375 0.041666666666666664
8 0.70546875 0.40555555555555556 0.0484375 0.03888888888888889
8 0.1328125 0.4263888888888889 0.0375 0.041666666666666664
8 0.11796875 0.42916666666666664 0.0046875 0.013888888888888888
8 0.475 0.2569444444444444 0.009375 0.019444444444444445
8 0.7546875 0.2263888888888889 0.009375 0.013888888888888888
8 0.73671875 0.22083333333333333 0.0140625 0.002777777777777778
8 0.59765625 0.225 0.0171875 0.011111111111111112
8 0.096875 0.5875 0.0375 0.025
8 0.8828125 0.3527777777777778 0.034375 0.03333333333333333
8 0.9203125 0.35555555555555557 0.053125 0.03333333333333333
8 0.98515625 0.2 0.0015625 0.005555555555555556
6 0.675 0.15694444444444444 0.009375 0.013888888888888888
6 0.684375 0.15694444444444444 0.009375 0.013888888888888888
6 0.6953125 0.15555555555555556 0.0125 0.011111111111111112
6 0.703125 0.15833333333333333 0.003125 0.016666666666666666
13 0.76328125 0.6486111111111111 0.1265625 0.19722222222222222
13 0.7515625 0.19583333333333333 0.0125 0.013888888888888888
13 0.81015625 0.17777777777777778 0.0109375 0.005555555555555556
12 0.73203125 0.1625 0.0078125 0.002777777777777778
12 0.62578125 0.18472222222222223 0.0171875 0.002777777777777778
12 0.23828125 0.225 0.0234375 0.03333333333333333
12 0.784375 0.23055555555555557 0.021875 0.027777777777777776
12 0.73203125 0.225 0.0296875 0.03333333333333333
12 0.71796875 0.22916666666666666 0.0203125 0.03611111111111111
12 0.5265625 0.225 0.028125 0.03333333333333333
12 0.2453125 0.2388888888888889 0.03125 0.022222222222222223
12 0.028125 0.2847222222222222 0.05 0.019444444444444445
6 0.58671875 0.15694444444444444 0.0078125 0.002777777777777778
11 0.49765625 0.1625 0.0015625 0.002777777777777778
15 0.76171875 0.15416666666666667 0.0140625 0.013888888888888888
14 0.42421875 0.1763888888888889 0.0046875 0.002777777777777778
14 0.42890625 0.17916666666666667 0.0015625 0.002777777777777778
15 0.44375 0.1625 0.021875 0.013888888888888888
14 0.61796875 0.18333333333333332 0.0078125 0.005555555555555556
14 0.61171875 0.18333333333333332 0.0046875 0.005555555555555556
15 0.60078125 0.1875 0.0234375 0.05277777777777778
15 0.071875 0.25277777777777777 0.0625 0.06111111111111111
14 0.79921875 0.2 0.0078125 0.005555555555555556
14 0.81015625 0.2 0.0109375 0.011111111111111112
15 0.82265625 0.1986111111111111 0.0265625 0.058333333333333334
15 0.3203125 0.35138888888888886 0.0875 0.175
15 0.98671875 0.2222222222222222 0.0234375 0.022222222222222223
14 0.61484375 0.23055555555555557 0.0046875 0.005555555555555556
14 0.634375 0.24027777777777778 0.003125 0.008333333333333333
14 0.59140625 0.24583333333333332 0.0015625 0.002777777777777778
14 0.60234375 0.24444444444444444 0.0046875 0.005555555555555556
14 0.61015625 0.24305555555555555 0.0109375 0.008333333333333333
14 0.62578125 0.2361111111111111 0.0109375 0.016666666666666666
7 0.64453125 0.18194444444444444 0.0015625 0.002777777777777778
7 0.28203125 0.20416666666666666 0.0171875 0.030555555555555555
3 0.28515625 0.21805555555555556 0.0109375 0.002777777777777778
7 0.78984375 0.18888888888888888 0.0109375 0.016666666666666666
7 0.375 0.23472222222222222 0.009375 0.002777777777777778
7 0.90234375 0.19583333333333333 0.0015625 0.002777777777777778
7 0.775 0.19722222222222222 0.003125 0.005555555555555556
7 0.79453125 0.19722222222222222 0.0015625 0.005555555555555556
7 0.54375 0.23472222222222222 0.03125 0.03611111111111111
3 0.5546875 0.2513888888888889 0.015625 0.008333333333333333
7 0.2796875 0.24305555555555555 0.00625 0.008333333333333333
14 0.471875 0.29583333333333334 0.003125 0.008333333333333333
3 0.4734375 0.3055555555555556 0.00625 0.005555555555555556
7 0.71953125 0.2361111111111111 0.0046875 0.011111111111111112
7 0.67109375 0.5944444444444444 0.0578125 0.1388888888888889
16 0.5234375 0.2777777777777778 0.021875 0.03888888888888889
16 0.78671875 0.20416666666666666 0.0046875 0.002777777777777778
16 0.5703125 0.225 0.0125 0.011111111111111112
16 0.25234375 0.23472222222222222 0.0265625 0.019444444444444445
16 0.378125 0.2722222222222222 0.003125 0.022222222222222223
16 0.93203125 0.18194444444444444 0.0015625 0.008333333333333333
16 0.33828125 0.4875 0.0546875 0.11944444444444445
16 0.84765625 0.55 0.0703125 0.15
16 0.7921875 0.5263888888888889 0.075 0.10277777777777777
4 0.54296875 0.21944444444444444 0.0171875 0.005555555555555556
4 0.83515625 0.9625 0.1515625 0.06944444444444445
0 0.1859375 0.19305555555555556 0.00625 0.002777777777777778
0 0.19453125 0.1986111111111111 0.0046875 0.002777777777777778
0 0.21953125 0.2013888888888889 0.0046875 0.002777777777777778
0 0.21953125 0.19583333333333333 0.0046875 0.002777777777777778
0 0.21953125 0.19305555555555556 0.0046875 0.002777777777777778
0 0.20625 0.19583333333333333 0.00625 0.002777777777777778
0 0.19296875 0.19305555555555556 0.0078125 0.002777777777777778
0 0.22890625 0.19583333333333333 0.0046875 0.002777777777777778
0 0.2625 0.19027777777777777 0.003125 0.002777777777777778
0 0.2671875 0.19027777777777777 0.003125 0.002777777777777778
0 0.265625 0.1875 0.00625 0.002777777777777778
0 0.21015625 0.19583333333333333 0.0078125 0.002777777777777778
0 0.22890625 0.18194444444444444 0.0046875 0.002777777777777778
0 0.22734375 0.1736111111111111 0.0078125 0.002777777777777778
0 0.19765625 0.17777777777777778 0.0046875 0.005555555555555556
0 0.2546875 0.16805555555555557 0.00625 0.002777777777777778
0 0.2546875 0.17083333333333334 0.00625 0.002777777777777778
0 0.28828125 0.20416666666666666 0.0078125 0.002777777777777778
0 0.28828125 0.20972222222222223 0.0078125 0.002777777777777778
0 0.271875 0.20277777777777778 0.00625 0.005555555555555556
0 0.27109375 0.20694444444444443 0.0046875 0.002777777777777778
0 0.2796875 0.20972222222222223 0.003125 0.002777777777777778
2 0.24296875 0.17222222222222222 0.0109375 0.005555555555555556
2 0.21796875 0.17777777777777778 0.0078125 0.005555555555555556
2 0.21875 0.1736111111111111 0.009375 0.002777777777777778
2 0.209375 0.17916666666666667 0.0125 0.002777777777777778
2 0.19921875 0.1986111111111111 0.0046875 0.002777777777777778
2 0.17421875 0.175 0.0140625 0.005555555555555556
2 0.17421875 0.18055555555555555 0.0140625 0.005555555555555556
2 0.175 0.18472222222222223 0.0125 0.002777777777777778
2 0.30078125 0.17777777777777778 0.0140625 0.005555555555555556
2 0.3 0.17222222222222222 0.015625 0.005555555555555556
2 0.31484375 0.17777777777777778 0.0109375 0.005555555555555556
2 0.31640625 0.17222222222222222 0.0140625 0.005555555555555556
2 0.31640625 0.16666666666666666 0.0140625 0.005555555555555556
2 0.25625 0.18055555555555555 0.015625 0.005555555555555556
9 0.56796875 0.24027777777777778 0.0015625 0.025
9 0.27890625 0.22916666666666666 0.0015625 0.002777777777777778
9 0.38046875 0.26944444444444443 0.0015625 0.005555555555555556
9 0.6 0.33055555555555555 0.009375 0.05555555555555555
9 0.8140625 0.37222222222222223 0.003125 0.005555555555555556
10 0.1796875 0.1527777777777778 0.00625 0.005555555555555556
10 0.48515625 0.14027777777777778 0.0046875 0.002777777777777778
10 0.3796875 0.14305555555555555 0.003125 0.002777777777777778
