5 0.49921875 0.4736111111111111 0.0515625 0.18611111111111112
5 0.440625 0.4736111111111111 0.053125 0.18611111111111112
5 0.14453125 0.33611111111111114 0.0171875 0.027777777777777776
5 0.13515625 0.3416666666666667 0.0203125 0.03333333333333333
5 0.065625 0.35 0.034375 0.03333333333333333
5 0.03359375 0.35555555555555557 0.0328125 0.044444444444444446
5 0.96796875 0.3458333333333333 0.0296875 0.041666666666666664
5 0.990625 0.35138888888888886 0.015625 0.05277777777777778
16 0.003125 0.4 0.00625 0.03888888888888889
16 0.09921875 0.5319444444444444 0.0328125 0.09166666666666666
16 0.91640625 0.4097222222222222 0.0171875 0.03611111111111111
16 0.3453125 0.3347222222222222 0.0125 0.013888888888888888
8 0.37265625 0.4027777777777778 0.0046875 0.005555555555555556
8 0.29453125 0.40694444444444444 0.0265625 0.013888888888888888
8 0.771875 0.4125 0.025 0.013888888888888888
8 0.74140625 0.40694444444444444 0.0359375 0.019444444444444445
8 0.71171875 0.4152777777777778 0.0046875 0.002777777777777778
8 0.659375 0.4041666666666667 0.01875 0.008333333333333333
8 0.625 0.40694444444444444 0.021875 0.013888888888888888
8 0.47109375 0.4097222222222222 0.0046875 0.019444444444444445
8 0.46640625 0.4041666666666667 0.0015625 0.008333333333333333
8 0.40703125 0.4097222222222222 0.0140625 0.019444444444444445
8 0.375 0.4097222222222222 0.0125 0.019444444444444445
8 0.3234375 0.4097222222222222 0.0125 0.019444444444444445
8 0.2984375 0.4083333333333333 0.034375 0.022222222222222223
8 0.26484375 0.4097222222222222 0.0359375 0.019444444444444445
8 0.2453125 0.40694444444444444 0.003125 0.019444444444444445
8 0.70546875 0.40694444444444444 0.0078125 0.013888888888888888
8 0.38984375 0.4041666666666667 0.0265625 0.019444444444444445
8 0.315625 0.40555555555555556 0.003125 0.016666666666666666
8 0.25234375 0.40694444444444444 0.0109375 0.013888888888888888
8 0.09609375 0.4125 0.0078125 0.002777777777777778
8 0.35 0.43194444444444446 0.0375 0.025
8 0.553125 0.4791666666666667 0.04375 0.03611111111111111
8 0.5578125 0.4847222222222222 0.05 0.03611111111111111
8 0.184375 0.3486111111111111 0.015625 0.002777777777777778
8 0.728125 0.3597222222222222 0.01875 0.013888888888888888
8 0.67109375 0.3527777777777778 0.0140625 0.005555555555555556
13 0.66875 0.3375 0.009375 0.025
8 0.796875 0.3597222222222222 0.0125 0.002777777777777778
8 0.75546875 0.3541666666666667 0.0078125 0.008333333333333333
8 0.72265625 0.35138888888888886 0.0140625 0.002777777777777778
12 0.71875 0.3375 0.021875 0.025
13 0.69921875 0.3375 0.0203125 0.013888888888888888
13 0.63671875 0.3416666666666667 0.0171875 0.022222222222222223
8 0.6109375 0.3541666666666667 0.0125 0.008333333333333333
12 0.6125 0.3388888888888889 0.015625 0.027777777777777776
8 0.584375 0.3527777777777778 0.0125 0.011111111111111112
8 0.625 0.35138888888888886 0.003125 0.002777777777777778
12 0.63046875 0.33611111111111114 0.0140625 0.027777777777777776
8 0.7171875 0.36527777777777776 0.003125 0.013888888888888888
12 0.72265625 0.34305555555555556 0.0171875 0.030555555555555555
13 0.7125 0.3388888888888889 0.021875 0.027777777777777776
8 0.665625 0.35 0.009375 0.005555555555555556
13 0.66796875 0.33611111111111114 0.0140625 0.027777777777777776
13 0.17734375 0.3472222222222222 0.0046875 0.005555555555555556
8 0.9390625 0.35833333333333334 0.0125 0.011111111111111112
8 0.93671875 0.35833333333333334 0.0140625 0.011111111111111112
8 0.8515625 0.9763888888888889 0.01875 0.041666666666666664
13 0.9234375 0.8805555555555555 0.15 0.23333333333333334
13 0.9484375 0.9152777777777777 0.1 0.1638888888888889
8 0.88046875 0.3638888888888889 0.0078125 0.005555555555555556
8 0.87734375 0.3625 0.0046875 0.008333333333333333
8 0.8859375 0.3638888888888889 0.0125 0.011111111111111112
8 0.88203125 0.3638888888888889 0.0234375 0.011111111111111112
8 0.89375 0.3680555555555556 0.028125 0.013888888888888888
13 0.18125 0.3458333333333333 0.009375 0.008333333333333333
8 0.86796875 0.3638888888888889 0.0046875 0.011111111111111112
8 0.8703125 0.36527777777777776 0.009375 0.013888888888888888
8 0.8015625 0.3611111111111111 0.021875 0.005555555555555556
8 0.8265625 0.37222222222222223 0.003125 0.005555555555555556
8 0.76171875 0.35555555555555557 0.0015625 0.005555555555555556
8 0.74453125 0.3527777777777778 0.0171875 0.005555555555555556
13 0.6859375 0.34305555555555556 0.0125 0.025
13 0.68984375 0.3416666666666667 0.0078125 0.016666666666666666
8 0.63984375 0.3680555555555556 0.0015625 0.002777777777777778
12 0.63984375 0.3416666666666667 0.0265625 0.022222222222222223
13 0.625 0.3402777777777778 0.0125 0.025
8 0.934375 0.3638888888888889 0.0125 0.005555555555555556
8 0.83515625 0.3875 0.0078125 0.008333333333333333
8 0.4671875 0.37083333333333335 0.003125 0.013888888888888888
8 0.209375 0.36944444444444446 0.00625 0.011111111111111112
8 0.99140625 0.6736111111111112 0.0140625 0.058333333333333334
8 0.95703125 0.48055555555555557 0.0546875 0.03333333333333333
8 0.96640625 0.4875 0.0359375 0.03611111111111111
8 0.890625 0.5736111111111111 0.05 0.04722222222222222
8 0.1796875 0.4875 0.0125 0.025
8 0.1515625 0.49027777777777776 0.059375 0.03611111111111111
8 0.0640625 0.48055555555555557 0.05625 0.03333333333333333
8 0.04765625 0.4875 0.0515625 0.030555555555555555
8 0.05078125 0.6861111111111111 0.1015625 0.07777777777777778
8 0.0375 0.7152777777777778 0.075 0.08611111111111111
13 0.1125 0.3263888888888889 0.003125 0.002777777777777778
12 0.7421875 0.38055555555555554 0.034375 0.044444444444444446
12 0.7 0.3819444444444444 0.034375 0.03611111111111111
12 0.65703125 0.3819444444444444 0.0328125 0.041666666666666664
12 0.621875 0.3819444444444444 0.03125 0.03611111111111111
12 0.58828125 0.37916666666666665 0.0328125 0.041666666666666664
12 0.55390625 0.37916666666666665 0.0296875 0.041666666666666664
12 0.51953125 0.37916666666666665 0.0296875 0.041666666666666664
12 0.48515625 0.38055555555555554 0.0296875 0.044444444444444446
12 0.45 0.37916666666666665 0.03125 0.041666666666666664
12 0.41640625 0.38055555555555554 0.0328125 0.044444444444444446
12 0.37890625 0.38055555555555554 0.0234375 0.044444444444444446
12 0.33359375 0.38055555555555554 0.0328125 0.044444444444444446
12 0.29765625 0.38055555555555554 0.0328125 0.044444444444444446
12 0.2640625 0.38055555555555554 0.034375 0.044444444444444446
12 0.2296875 0.38055555555555554 0.034375 0.044444444444444446
12 0.69609375 0.3638888888888889 0.0328125 0.016666666666666666
12 0.42578125 0.35694444444444445 0.0296875 0.002777777777777778
12 0.3921875 0.3736111111111111 0.03125 0.03611111111111111
12 0.32734375 0.3763888888888889 0.0328125 0.041666666666666664
12 0.26171875 0.3680555555555556 0.0328125 0.025
12 0.3484375 0.4 0.0375 0.05
12 0.5546875 0.4361111111111111 0.046875 0.06666666666666667
12 0.5578125 0.44166666666666665 0.046875 0.06666666666666667
12 0.32265625 0.3486111111111111 0.0203125 0.013888888888888888
12 0.359375 0.36527777777777776 0.03125 0.019444444444444445
12 0.29453125 0.35694444444444445 0.0328125 0.002777777777777778
12 0.775 0.37916666666666665 0.034375 0.041666666666666664
6 0.8828125 0.3055555555555556 0.0125 0.022222222222222223
6 0.88125 0.3055555555555556 0.0125 0.022222222222222223
6 0.87265625 0.30833333333333335 0.0046875 0.027777777777777776
15 0.7359375 0.3277777777777778 0.028125 0.05
15 0.78203125 0.3138888888888889 0.0265625 0.022222222222222223
14 0.528125 0.35 0.00625 0.005555555555555556
15 0.5515625 0.3416666666666667 0.03125 0.06111111111111111
14 0.53515625 0.3458333333333333 0.0109375 0.013888888888888888
15 0.990625 0.35 0.015625 0.027777777777777776
14 0.5578125 0.3597222222222222 0.01875 0.019444444444444445
14 0.55703125 0.3861111111111111 0.0265625 0.027777777777777776
14 0.66875 0.4736111111111111 0.021875 0.03611111111111111
14 0.64609375 0.4708333333333333 0.0203125 0.019444444444444445
14 0.63515625 0.48194444444444445 0.0015625 0.008333333333333333
14 0.653125 0.4861111111111111 0.009375 0.011111111111111112
14 0.64140625 0.4861111111111111 0.0109375 0.011111111111111112
3 0.65625 0.49444444444444446 0.05 0.016666666666666666
14 0.709375 0.4736111111111111 0.021875 0.03611111111111111
14 0.73203125 0.46805555555555556 0.0203125 0.008333333333333333
14 0.72734375 0.4875 0.0109375 0.008333333333333333
14 0.73359375 0.49027777777777776 0.0015625 0.002777777777777778
3 0.721875 0.49444444444444446 0.05 0.016666666666666666
7 0.4203125 0.3388888888888889 0.003125 0.011111111111111112
7 0.41953125 0.3388888888888889 0.0046875 0.011111111111111112
7 0.41953125 0.3402777777777778 0.0015625 0.008333333333333333
7 0.74375 0.3486111111111111 0.0125 0.013888888888888888
7 0.7640625 0.35555555555555557 0.003125 0.005555555555555556
7 0.21953125 0.35555555555555557 0.0078125 0.005555555555555556
7 0.92578125 0.37916666666666665 0.0078125 0.025
7 0.7703125 0.4097222222222222 0.01875 0.019444444444444445
7 0.69375 0.525 0.04375 0.09444444444444444
16 0.76015625 0.40694444444444444 0.0359375 0.013888888888888888
16 0.759375 0.35138888888888886 0.015625 0.013888888888888888
16 0.72734375 0.37222222222222223 0.0140625 0.03333333333333333
16 0.59609375 0.35 0.0265625 0.027777777777777776
16 0.5703125 0.4 0.021875 0.011111111111111112
16 0.46328125 0.5347222222222222 0.0859375 0.09166666666666666
16 0.61484375 0.4652777777777778 0.0296875 0.06944444444444445
16 0.4734375 0.5486111111111112 0.090625 0.09722222222222222
4 0.82421875 0.37916666666666665 0.0078125 0.002777777777777778
4 0.51875 0.35694444444444445 0.009375 0.002777777777777778
4 0.48671875 0.35694444444444445 0.0109375 0.002777777777777778
4 0.56796875 0.5027777777777778 0.0453125 0.022222222222222223
4 0.4859375 0.8027777777777778 0.034375 0.07777777777777778
2 0.15078125 0.3194444444444444 0.0140625 0.005555555555555556
2 0.15078125 0.3138888888888889 0.0140625 0.005555555555555556
2 0.1265625 0.3194444444444444 0.0125 0.005555555555555556
2 0.1265625 0.3138888888888889 0.0125 0.005555555555555556
2 0.1265625 0.30694444444444446 0.0125 0.008333333333333333
2 0.1015625 0.31805555555555554 0.009375 0.008333333333333333
2 0.196875 0.3138888888888889 0.0125 0.005555555555555556
2 0.196875 0.3194444444444444 0.0125 0.005555555555555556
9 0.88515625 0.3597222222222222 0.0015625 0.019444444444444445
10 0.90625 0.2638888888888889 0.009375 0.005555555555555556
