14 0.99375 0.2763888888888889 0.009375 0.002777777777777778
8 0.25546875 0.5555555555555556 0.1015625 0.06666666666666667
8 0.08203125 0.6388888888888888 0.1390625 0.10555555555555556
8 0.19609375 0.6055555555555555 0.1078125 0.08888888888888889
8 0.0171875 0.6611111111111111 0.034375 0.08333333333333333
8 0.75078125 0.41388888888888886 0.0453125 0.027777777777777776
8 0.6234375 0.4847222222222222 0.09375 0.05277777777777778
13 0.646875 0.4125 0.046875 0.11388888888888889
8 0.5546875 0.4597222222222222 0.03125 0.008333333333333333
13 0.55390625 0.4097222222222222 0.0390625 0.10833333333333334
13 0.0640625 0.9138888888888889 0.128125 0.16666666666666666
13 0.0203125 0.8819444444444444 0.040625 0.23055555555555557
8 0.89765625 0.30694444444444446 0.0484375 0.019444444444444445
8 0.7765625 0.32916666666666666 0.040625 0.030555555555555555
8 0.6625 0.9402777777777778 0.23125 0.11388888888888889
8 0.4984375 0.9138888888888889 0.10625 0.16666666666666666
8 0.47734375 0.49722222222222223 0.0515625 0.011111111111111112
12 0.25234375 0.4638888888888889 0.1171875 0.12777777777777777
12 0.07578125 0.5333333333333333 0.1453125 0.18888888888888888
12 0.37421875 0.45694444444444443 0.1109375 0.11944444444444445
12 0.196875 0.5097222222222222 0.13125 0.1638888888888889
15 0.20546875 0.38333333333333336 0.1234375 0.18888888888888888
7 0.9859375 0.6347222222222222 0.025 0.025
16 0.52890625 0.34305555555555556 0.0328125 0.058333333333333334
16 0.54296875 0.34444444444444444 0.0390625 0.06666666666666667
9 0.86796875 0.7333333333333333 0.0328125 0.18333333333333332
9 0.87421875 0.3972222222222222 0.0046875 0.005555555555555556
11 0.32109375 0.325 0.0109375 0.05555555555555555
11 0.54921875 0.3 0.0078125 0.044444444444444446
11 0.70390625 0.275 0.0078125 0.03888888888888889
11 0.8921875 0.25416666666666665 0.003125 0.019444444444444445
