5 0.36640625 0.3541666666666667 0.0578125 0.09166666666666666
5 0.31953125 0.35555555555555557 0.0546875 0.1
5 0.49765625 0.3263888888888889 0.0234375 0.08055555555555556
5 0.48046875 0.3263888888888889 0.0234375 0.08055555555555556
5 0.375 0.2986111111111111 0.028125 0.019444444444444445
5 0.35078125 0.29583333333333334 0.0203125 0.019444444444444445
16 0.08671875 0.44305555555555554 0.0671875 0.03611111111111111
16 0.88046875 0.31666666666666665 0.0171875 0.016666666666666666
14 0.56015625 0.30833333333333335 0.0078125 0.011111111111111112
14 0.4390625 0.30416666666666664 0.003125 0.002777777777777778
3 0.51640625 0.3263888888888889 0.0015625 0.002777777777777778
8 0.43515625 0.3333333333333333 0.0109375 0.005555555555555556
8 0.8328125 0.39305555555555555 0.015625 0.013888888888888888
8 0.809375 0.3958333333333333 0.028125 0.013888888888888888
8 0.73125 0.38333333333333336 0.00625 0.005555555555555556
8 0.54765625 0.3736111111111111 0.0203125 0.019444444444444445
8 0.4546875 0.3597222222222222 0.025 0.008333333333333333
8 0.58359375 0.40694444444444444 0.0015625 0.002777777777777778
8 0.61875 0.4527777777777778 0.009375 0.016666666666666666
8 0.60625 0.4486111111111111 0.0375 0.025
13 0.57109375 0.31805555555555554 0.0234375 0.008333333333333333
13 0.5765625 0.31666666666666665 0.025 0.011111111111111112
13 0.52734375 0.9027777777777778 0.4234375 0.18888888888888888
8 0.38125 0.7583333333333333 0.15625 0.11666666666666667
8 0.2703125 0.7888888888888889 0.178125 0.15
8 0.628125 0.5375 0.003125 0.002777777777777778
8 0.20390625 0.4125 0.0140625 0.019444444444444445
8 0.87265625 0.6041666666666666 0.0265625 0.030555555555555555
12 0.8859375 0.35 0.034375 0.03333333333333333
12 0.84765625 0.35555555555555557 0.0453125 0.044444444444444446
12 0.80703125 0.3527777777777778 0.0421875 0.044444444444444446
12 0.765625 0.35138888888888886 0.0375 0.041666666666666664
12 0.72890625 0.35138888888888886 0.0328125 0.04722222222222222
12 0.7 0.3375 0.025 0.019444444444444445
12 0.6421875 0.3402777777777778 0.021875 0.030555555555555555
12 0.6140625 0.34305555555555556 0.034375 0.03611111111111111
12 0.584375 0.3277777777777778 0.034375 0.005555555555555556
12 0.55625 0.34444444444444444 0.0375 0.044444444444444446
12 0.65546875 0.3236111111111111 0.0203125 0.002777777777777778
12 0.60390625 0.3236111111111111 0.0359375 0.002777777777777778
12 0.60859375 0.35833333333333334 0.0140625 0.044444444444444446
12 0.61875 0.37777777777777777 0.015625 0.03333333333333333
12 0.6078125 0.4041666666666667 0.0375 0.08055555555555556
12 0.715625 0.3194444444444444 0.01875 0.011111111111111112
12 0.63203125 0.3236111111111111 0.0328125 0.002777777777777778
15 0.4875 0.28194444444444444 0.021875 0.002777777777777778
15 0.18828125 0.29305555555555557 0.0109375 0.008333333333333333
14 0.89765625 0.35833333333333334 0.0046875 0.016666666666666666
14 0.1171875 0.3055555555555556 0.009375 0.005555555555555556
14 0.1453125 0.31527777777777777 0.0125 0.019444444444444445
14 0.13828125 0.33194444444444443 0.0046875 0.013888888888888888
3 0.1390625 0.37083333333333335 0.00625 0.008333333333333333
14 0.75078125 0.45555555555555555 0.0359375 0.044444444444444446
14 0.7296875 0.4513888888888889 0.00625 0.025
14 0.72890625 0.4708333333333333 0.0046875 0.013888888888888888
3 0.74921875 0.4861111111111111 0.0421875 0.016666666666666666
14 0.8046875 0.46111111111111114 0.0375 0.05
14 0.8203125 0.4861111111111111 0.00625 0.005555555555555556
14 0.834375 0.4875 0.01875 0.008333333333333333
3 0.81484375 0.49583333333333335 0.0640625 0.019444444444444445
7 0.51796875 0.3263888888888889 0.0015625 0.002777777777777778
7 0.828125 0.3902777777777778 0.0125 0.008333333333333333
7 0.50546875 0.5083333333333333 0.0515625 0.15
16 0.8171875 0.39444444444444443 0.046875 0.03888888888888889
4 0.60234375 0.475 0.0421875 0.027777777777777776
2 0.615625 0.29305555555555557 0.009375 0.002777777777777778
2 0.61796875 0.28888888888888886 0.0140625 0.005555555555555556
2 0.60234375 0.28194444444444444 0.0046875 0.002777777777777778
2 0.5765625 0.2916666666666667 0.009375 0.005555555555555556
2 0.65859375 0.28888888888888886 0.0140625 0.005555555555555556
