6 0.13125 0.14305555555555555 0.015625 0.05277777777777778
5 0.359375 0.26805555555555555 0.046875 0.18611111111111112
5 0.4078125 0.26944444444444443 0.05625 0.18888888888888888
5 0.0625 0.12361111111111112 0.01875 0.06388888888888888
5 0.159375 0.1388888888888889 0.028125 0.07777777777777778
16 0.284375 0.26805555555555555 0.046875 0.05277777777777778
5 0.11796875 0.12916666666666668 0.0421875 0.06388888888888888
5 0.1046875 0.13472222222222222 0.0625 0.08055555555555556
8 0.01796875 0.20972222222222223 0.0359375 0.025
8 0.04921875 0.20833333333333334 0.0390625 0.022222222222222223
8 0.05390625 0.21666666666666667 0.0359375 0.027777777777777776
8 0.06875 0.2222222222222222 0.0375 0.027777777777777776
8 0.11328125 0.23333333333333334 0.0484375 0.027777777777777776
8 0.15 0.22777777777777777 0.0375 0.022222222222222223
8 0.83359375 0.3194444444444444 0.0453125 0.011111111111111112
8 0.84375 0.3263888888888889 0.0625 0.03611111111111111
8 0.8140625 0.31805555555555554 0.003125 0.002777777777777778
8 0.75078125 0.3194444444444444 0.0296875 0.03888888888888889
8 0.72265625 0.31527777777777777 0.0609375 0.041666666666666664
8 0.67734375 0.30416666666666664 0.0203125 0.03611111111111111
8 0.6953125 0.3 0.053125 0.022222222222222223
8 0.73828125 0.21805555555555556 0.0015625 0.002777777777777778
8 0.56328125 0.20833333333333334 0.0328125 0.016666666666666666
8 0.5359375 0.20416666666666666 0.034375 0.025
8 0.5140625 0.2 0.034375 0.022222222222222223
8 0.4765625 0.1986111111111111 0.009375 0.019444444444444445
8 0.0296875 0.1486111111111111 0.003125 0.002777777777777778
8 0.6265625 0.2777777777777778 0.003125 0.011111111111111112
8 0.61015625 0.2791666666666667 0.0359375 0.013888888888888888
8 0.1515625 0.25972222222222224 0.015625 0.025
12 0.16796875 0.2222222222222222 0.0515625 0.06666666666666667
13 0.29609375 0.15694444444444444 0.0203125 0.002777777777777778
8 0.66875 0.42777777777777776 0.0875 0.06666666666666667
13 0.671875 0.35555555555555557 0.090625 0.12222222222222222
13 0.36171875 0.17083333333333334 0.0296875 0.008333333333333333
13 0.24921875 0.16666666666666666 0.0296875 0.03888888888888889
12 0.3640625 0.15694444444444444 0.025 0.008333333333333333
12 0.34921875 0.16527777777777777 0.0078125 0.008333333333333333
13 0.3453125 0.1638888888888889 0.003125 0.005555555555555556
12 0.375 0.16527777777777777 0.040625 0.008333333333333333
13 0.38671875 0.17083333333333334 0.0390625 0.008333333333333333
8 0.52265625 0.375 0.0796875 0.05555555555555555
13 0.52265625 0.3138888888888889 0.0765625 0.10555555555555556
8 0.49453125 0.3458333333333333 0.0703125 0.04722222222222222
13 0.4953125 0.28888888888888886 0.06875 0.09444444444444444
8 0.58125 0.4027777777777778 0.084375 0.06111111111111111
13 0.58203125 0.3375 0.0828125 0.11388888888888889
8 0.62421875 0.3875 0.0828125 0.05277777777777778
13 0.62421875 0.3263888888888889 0.0796875 0.10833333333333334
13 0.19296875 0.21944444444444444 0.0453125 0.05
8 0.0953125 0.24166666666666667 0.046875 0.027777777777777776
13 0.09453125 0.20416666666666666 0.0453125 0.058333333333333334
8 0.00625 0.32083333333333336 0.0125 0.03611111111111111
12 0.00703125 0.2708333333333333 0.0140625 0.075
8 0.7140625 0.4152777777777778 0.08125 0.058333333333333334
13 0.71328125 0.3416666666666667 0.0890625 0.1111111111111111
8 0.7609375 0.4625 0.103125 0.075
13 0.76328125 0.3861111111111111 0.1015625 0.13333333333333333
8 0.80625 0.4486111111111111 0.09375 0.06944444444444445
13 0.8046875 0.3736111111111111 0.1 0.13055555555555556
13 0.2765625 0.15 0.03125 0.005555555555555556
8 0.5625 0.36527777777777776 0.071875 0.04722222222222222
13 0.56015625 0.3055555555555556 0.0734375 0.1
8 0.30703125 0.3680555555555556 0.0203125 0.041666666666666664
13 0.27421875 0.30833333333333335 0.0796875 0.09444444444444444
8 0.24453125 0.25972222222222224 0.0234375 0.008333333333333333
13 0.23125 0.2263888888888889 0.046875 0.06388888888888888
8 0.9796875 0.5527777777777778 0.0375 0.06666666666666667
8 0.196875 0.5208333333333334 0.0625 0.06944444444444445
8 0.26484375 0.4986111111111111 0.0734375 0.075
8 0.88125 0.33611111111111114 0.00625 0.022222222222222223
6 0.9515625 0.18611111111111112 0.05 0.044444444444444446
6 0.9828125 0.22777777777777777 0.03125 0.11666666666666667
13 0.05625 0.3458333333333333 0.065625 0.10277777777777777
12 0.00234375 0.15694444444444444 0.0046875 0.030555555555555555
12 0.0171875 0.17777777777777778 0.034375 0.05
12 0.04921875 0.175 0.0421875 0.05
12 0.053125 0.18333333333333332 0.034375 0.05
12 0.06796875 0.1875 0.0390625 0.05277777777777778
12 0.11015625 0.19583333333333333 0.0484375 0.05277777777777778
12 0.15 0.19027777777777777 0.040625 0.05277777777777778
12 0.82109375 0.27361111111111114 0.0703125 0.075
12 0.84140625 0.275 0.0671875 0.08333333333333333
12 0.8046875 0.24722222222222223 0.065625 0.044444444444444446
12 0.771875 0.26805555555555555 0.06875 0.08055555555555556
12 0.72578125 0.2652777777777778 0.0640625 0.075
12 0.6734375 0.25 0.059375 0.07222222222222222
12 0.709375 0.23333333333333334 0.034375 0.03888888888888889
11 0.61953125 0.16805555555555557 0.0046875 0.030555555555555555
11 0.625 0.16805555555555557 0.00625 0.030555555555555555
14 0.24140625 0.28194444444444444 0.0140625 0.008333333333333333
14 0.24140625 0.2708333333333333 0.0140625 0.013888888888888888
14 0.21640625 0.29583333333333334 0.0359375 0.019444444444444445
15 0.190625 0.23333333333333334 0.0625 0.12777777777777777
14 0.21796875 0.26666666666666666 0.0296875 0.044444444444444446
14 0.58125 0.23055555555555557 0.00625 0.005555555555555556
15 0.62890625 0.17083333333333334 0.0546875 0.075
3 0.57890625 0.2375 0.0109375 0.008333333333333333
14 0.046875 0.1125 0.00625 0.002777777777777778
15 0.04296875 0.11388888888888889 0.0234375 0.05555555555555555
7 0.11171875 0.2222222222222222 0.0609375 0.06666666666666667
16 0.14375 0.22361111111111112 0.0375 0.058333333333333334
16 0.1640625 0.2263888888888889 0.028125 0.058333333333333334
16 0.33515625 0.15 0.0203125 0.016666666666666666
4 0.7984375 0.6569444444444444 0.09375 0.06388888888888888
4 0.3046875 0.38472222222222224 0.0125 0.019444444444444445
9 0.1609375 0.22361111111111112 0.003125 0.025
9 0.03203125 0.1388888888888889 0.0015625 0.016666666666666666
10 0.6890625 0.10694444444444444 0.009375 0.008333333333333333
10 0.77734375 0.10972222222222222 0.0140625 0.013888888888888888
10 0.30859375 0.08472222222222223 0.0046875 0.008333333333333333
10 0.0921875 0.07222222222222222 0.003125 0.005555555555555556
11 0.3421875 0.13194444444444445 0.003125 0.025
11 0.24140625 0.12083333333333333 0.0015625 0.019444444444444445
