5 0.1390625 0.3236111111111111 0.040625 0.125
5 0.64765625 0.32916666666666666 0.0328125 0.19722222222222222
5 0.6828125 0.33055555555555555 0.059375 0.2
5 0.52265625 0.2833333333333333 0.0046875 0.005555555555555556
6 0.52578125 0.2916666666666667 0.0015625 0.011111111111111112
6 0.52265625 0.29444444444444445 0.0015625 0.011111111111111112
5 0.59453125 0.2902777777777778 0.0078125 0.025
16 0.6265625 0.38055555555555554 0.009375 0.05
8 0.61328125 0.3472222222222222 0.0109375 0.016666666666666666
8 0.6203125 0.37083333333333335 0.009375 0.030555555555555555
12 0.625 0.33055555555555555 0.015625 0.06111111111111111
8 0.715625 0.4583333333333333 0.028125 0.06666666666666667
13 0.71875 0.36944444444444446 0.025 0.12222222222222222
8 0.353125 0.36666666666666664 0.003125 0.005555555555555556
12 0.37109375 0.33194444444444443 0.0421875 0.058333333333333334
8 0.61640625 0.34305555555555556 0.0046875 0.008333333333333333
13 0.61953125 0.30972222222222223 0.0109375 0.013888888888888888
8 0.69375 0.4305555555555556 0.025 0.06111111111111111
13 0.70625 0.3541666666666667 0.05 0.09722222222222222
8 0.6890625 0.44583333333333336 0.034375 0.06944444444444445
13 0.703125 0.36666666666666664 0.05625 0.12222222222222222
8 0.6265625 0.3763888888888889 0.00625 0.030555555555555555
13 0.62890625 0.3375 0.0078125 0.05277777777777778
8 0.61015625 0.3597222222222222 0.0109375 0.025
13 0.61953125 0.325 0.0265625 0.05
8 0.41875 0.37777777777777777 0.034375 0.03333333333333333
12 0.415625 0.3347222222222222 0.04375 0.06388888888888888
8 0.42109375 0.37222222222222223 0.0390625 0.03333333333333333
12 0.4203125 0.33055555555555555 0.040625 0.06111111111111111
8 0.34921875 0.3625 0.0015625 0.008333333333333333
12 0.36796875 0.33055555555555555 0.0421875 0.06111111111111111
13 0.61875 0.30972222222222223 0.0125 0.013888888888888888
13 0.62421875 0.3111111111111111 0.0015625 0.005555555555555556
8 0.60390625 0.3333333333333333 0.0015625 0.011111111111111112
13 0.6109375 0.3125 0.015625 0.030555555555555555
13 0.62109375 0.3055555555555556 0.0046875 0.016666666666666666
8 0.71875 0.49027777777777776 0.028125 0.09166666666666666
13 0.71953125 0.39166666666666666 0.0234375 0.16111111111111112
8 0.890625 0.5305555555555556 0.0125 0.005555555555555556
8 0.50546875 0.4097222222222222 0.0703125 0.04722222222222222
13 0.50546875 0.3486111111111111 0.0671875 0.09166666666666666
8 0.4953125 0.32916666666666666 0.01875 0.013888888888888888
8 0.48671875 0.3333333333333333 0.0109375 0.011111111111111112
8 0.4890625 0.3333333333333333 0.01875 0.011111111111111112
8 0.49453125 0.3347222222222222 0.0171875 0.013888888888888888
8 0.80234375 0.5902777777777778 0.1546875 0.1527777777777778
8 0.934375 0.6013888888888889 0.121875 0.1361111111111111
8 0.2125 0.44166666666666665 0.08125 0.05
8 0.271875 0.44166666666666665 0.090625 0.06666666666666667
8 0.446875 0.3611111111111111 0.015625 0.027777777777777776
8 0.46796875 0.35 0.0046875 0.022222222222222223
8 0.5125 0.325 0.00625 0.011111111111111112
8 0.45546875 0.35555555555555557 0.0265625 0.022222222222222223
8 0.43203125 0.3680555555555556 0.0296875 0.030555555555555555
13 0.378125 0.3763888888888889 0.046875 0.08055555555555556
13 0.596875 0.30833333333333335 0.0125 0.022222222222222223
12 0.61640625 0.32083333333333336 0.0171875 0.041666666666666664
15 0.52890625 0.3055555555555556 0.0265625 0.044444444444444446
14 0.5921875 0.35833333333333334 0.015625 0.011111111111111112
14 0.5921875 0.3472222222222222 0.015625 0.011111111111111112
14 0.56640625 0.37777777777777777 0.0296875 0.03888888888888889
15 0.57421875 0.32916666666666666 0.0421875 0.1527777777777778
3 0.575 0.4013888888888889 0.053125 0.013888888888888888
14 0.56875 0.3388888888888889 0.021875 0.03888888888888889
14 0.59140625 0.38055555555555554 0.0171875 0.03333333333333333
14 0.4734375 0.33194444444444443 0.009375 0.008333333333333333
14 0.46953125 0.3375 0.0015625 0.002777777777777778
7 0.61328125 0.37222222222222223 0.0078125 0.005555555555555556
7 0.3328125 0.37083333333333335 0.0375 0.08055555555555556
16 0.04609375 0.4097222222222222 0.0109375 0.002777777777777778
16 0.36875 0.33194444444444443 0.025 0.008333333333333333
16 0.3421875 0.36527777777777776 0.025 0.06944444444444445
16 0.61953125 0.31527777777777777 0.0015625 0.002777777777777778
16 0.4734375 0.33611111111111114 0.009375 0.022222222222222223
16 0.51328125 0.32222222222222224 0.0046875 0.011111111111111112
16 0.58828125 0.30972222222222223 0.0015625 0.002777777777777778
4 0.27421875 0.5861111111111111 0.1890625 0.06666666666666667
4 0.5046875 0.4222222222222222 0.034375 0.022222222222222223
4 0.46953125 0.34444444444444444 0.0015625 0.005555555555555556
9 0.9875 0.7041666666666667 0.021875 0.30833333333333335
