5 0.1390625 0.2361111111111111 0.034375 0.06111111111111111
5 0.175 0.25 0.0375 0.08888888888888889
5 0.43359375 0.275 0.0359375 0.13333333333333333
5 0.71640625 0.28055555555555556 0.0359375 0.12222222222222222
5 0.48828125 0.1986111111111111 0.0015625 0.019444444444444445
5 0.4921875 0.2013888888888889 0.00625 0.025
5 0.48359375 0.2222222222222222 0.0203125 0.027777777777777776
5 0.228125 0.2152777777777778 0.00625 0.04722222222222222
5 0.22734375 0.21388888888888888 0.0046875 0.044444444444444446
5 0.28359375 0.20416666666666666 0.0078125 0.025
5 0.2203125 0.2152777777777778 0.0125 0.04722222222222222
5 0.5875 0.19166666666666668 0.00625 0.005555555555555556
6 0.39921875 0.2125 0.0015625 0.03611111111111111
5 0.95859375 0.2125 0.0171875 0.03611111111111111
5 0.72890625 0.1986111111111111 0.0109375 0.013888888888888888
5 0.721875 0.19583333333333333 0.003125 0.008333333333333333
5 0.56171875 0.22083333333333333 0.0171875 0.04722222222222222
6 0.05546875 0.20555555555555555 0.0046875 0.022222222222222223
6 0.059375 0.20277777777777778 0.003125 0.016666666666666666
5 0.46796875 0.20555555555555555 0.0140625 0.005555555555555556
16 0.115625 0.24722222222222223 0.0125 0.016666666666666666
16 0.04765625 0.3611111111111111 0.0609375 0.08888888888888889
5 0.24296875 0.20555555555555555 0.0109375 0.03333333333333333
5 0.990625 0.2222222222222222 0.015625 0.05555555555555555
8 0.0765625 0.2375 0.00625 0.002777777777777778
8 0.0671875 0.2708333333333333 0.021875 0.002777777777777778
8 0.09296875 0.3819444444444444 0.0296875 0.019444444444444445
8 0.50234375 0.5972222222222222 0.0953125 0.1111111111111111
8 0.58671875 0.6041666666666666 0.0953125 0.08611111111111111
8 0.0875 0.37777777777777777 0.009375 0.005555555555555556
8 0.0625 0.38055555555555554 0.025 0.011111111111111112
8 0.025 0.39444444444444443 0.04375 0.03888888888888889
12 0.97578125 0.2638888888888889 0.0015625 0.005555555555555556
8 0.40703125 0.24305555555555555 0.0015625 0.013888888888888888
13 0.40703125 0.225 0.0015625 0.022222222222222223
13 0.5375 0.22083333333333333 0.003125 0.008333333333333333
8 0.54296875 0.24583333333333332 0.0015625 0.002777777777777778
13 0.54609375 0.23055555555555557 0.0109375 0.027777777777777776
13 0.30234375 0.22083333333333333 0.0140625 0.002777777777777778
8 0.5421875 0.24583333333333332 0.003125 0.002777777777777778
12 0.5421875 0.23055555555555557 0.01875 0.027777777777777776
13 0.2921875 0.21944444444444444 0.009375 0.005555555555555556
8 0.11484375 0.25416666666666665 0.0140625 0.002777777777777778
8 0.103125 0.2513888888888889 0.00625 0.002777777777777778
8 0.403125 0.23194444444444445 0.003125 0.008333333333333333
8 0.4109375 0.2638888888888889 0.00625 0.016666666666666666
8 0.41484375 0.27361111111111114 0.0046875 0.013888888888888888
8 0.58828125 0.25972222222222224 0.0046875 0.002777777777777778
8 0.63984375 0.28194444444444444 0.0234375 0.019444444444444445
8 0.6140625 0.28055555555555556 0.021875 0.022222222222222223
8 0.52421875 0.3819444444444444 0.0109375 0.002777777777777778
8 0.45546875 0.375 0.0453125 0.03888888888888889
8 0.465625 0.39861111111111114 0.053125 0.04722222222222222
8 0.51875 0.3902777777777778 0.053125 0.025
8 0.9921875 0.4597222222222222 0.009375 0.019444444444444445
8 0.9703125 0.4513888888888889 0.05625 0.05277777777777778
8 0.02109375 0.2861111111111111 0.0078125 0.011111111111111112
8 0.87578125 0.40694444444444444 0.0609375 0.05277777777777778
8 0.92265625 0.4111111111111111 0.0390625 0.05
8 0.6234375 0.2902777777777778 0.028125 0.025
8 0.64921875 0.28888888888888886 0.0265625 0.022222222222222223
8 0.403125 0.23472222222222222 0.00625 0.008333333333333333
6 0.4828125 0.20277777777777778 0.003125 0.011111111111111112
13 0.0765625 0.2375 0.003125 0.002777777777777778
12 0.49609375 0.4861111111111111 0.0984375 0.19444444444444445
12 0.5875 0.48333333333333334 0.1 0.19444444444444445
12 0.97578125 0.2375 0.0109375 0.008333333333333333
12 0.98671875 0.2375 0.0234375 0.008333333333333333
12 0.99375 0.24027777777777778 0.009375 0.008333333333333333
12 0.2921875 0.22777777777777777 0.015625 0.005555555555555556
12 0.246875 0.24027777777777778 0.025 0.030555555555555555
12 0.24140625 0.24027777777777778 0.0203125 0.030555555555555555
12 0.07421875 0.2513888888888889 0.0359375 0.041666666666666664
12 0.103125 0.3111111111111111 0.065625 0.06111111111111111
12 0.46015625 0.1986111111111111 0.0015625 0.008333333333333333
8 0.4578125 0.20416666666666666 0.003125 0.002777777777777778
12 0.4578125 0.2 0.003125 0.005555555555555556
12 0.4578125 0.19583333333333333 0.003125 0.008333333333333333
8 0.26328125 0.20694444444444443 0.0015625 0.002777777777777778
12 0.26328125 0.2013888888888889 0.0015625 0.008333333333333333
12 0.43515625 0.19027777777777777 0.0015625 0.002777777777777778
8 0.259375 0.1986111111111111 0.003125 0.002777777777777778
8 0.2609375 0.1986111111111111 0.003125 0.002777777777777778
15 0.58046875 0.18888888888888888 0.0046875 0.005555555555555556
15 0.29453125 0.19305555555555556 0.0078125 0.002777777777777778
15 0.0125 0.25833333333333336 0.025 0.06666666666666667
3 0.2 0.2375 0.0125 0.002777777777777778
14 0.19453125 0.2263888888888889 0.0015625 0.013888888888888888
14 0.2 0.2263888888888889 0.009375 0.013888888888888888
15 0.20078125 0.225 0.0171875 0.05555555555555555
15 0.5671875 0.29583333333333334 0.04375 0.14722222222222223
15 0.5046875 0.20555555555555555 0.015625 0.016666666666666666
14 0.58984375 0.2722222222222222 0.0015625 0.005555555555555556
14 0.58984375 0.26666666666666666 0.0015625 0.005555555555555556
14 0.596875 0.2652777777777778 0.0125 0.019444444444444445
15 0.57421875 0.24166666666666667 0.0546875 0.07777777777777778
3 0.5953125 0.2777777777777778 0.0125 0.005555555555555556
15 0.6375 0.19583333333333333 0.01875 0.002777777777777778
15 0.92421875 0.2 0.0203125 0.005555555555555556
15 0.7671875 0.19722222222222222 0.0125 0.011111111111111112
14 0.1046875 0.2569444444444444 0.0125 0.002777777777777778
14 0.0953125 0.25555555555555554 0.00625 0.005555555555555556
14 0.09375 0.25833333333333336 0.003125 0.005555555555555556
14 0.5515625 0.4513888888888889 0.009375 0.002777777777777778
3 0.54609375 0.5569444444444445 0.0015625 0.008333333333333333
14 0.58828125 0.25972222222222224 0.0046875 0.002777777777777778
7 0.0515625 0.2569444444444444 0.009375 0.030555555555555555
7 0.2 0.2902777777777778 0.00625 0.008333333333333333
7 0.06640625 0.3875 0.0671875 0.09166666666666666
7 0.609375 0.2777777777777778 0.015625 0.011111111111111112
16 0.22734375 0.2569444444444444 0.0140625 0.002777777777777778
16 0.09375 0.2513888888888889 0.003125 0.019444444444444445
16 0.196875 0.2916666666666667 0.003125 0.005555555555555556
16 0.4953125 0.5097222222222222 0.10625 0.14166666666666666
16 0.815625 0.3458333333333333 0.059375 0.08055555555555556
4 0.60390625 0.3416666666666667 0.0296875 0.016666666666666666
4 0.68359375 0.5944444444444444 0.1421875 0.06111111111111111
9 0.10078125 0.25416666666666665 0.0015625 0.008333333333333333
9 0.24453125 0.225 0.0015625 0.016666666666666666
9 0.64453125 0.2777777777777778 0.0015625 0.022222222222222223
9 0.6546875 0.2791666666666667 0.003125 0.019444444444444445
9 0.553125 0.4097222222222222 0.00625 0.075
10 0.959375 0.18611111111111112 0.003125 0.005555555555555556
