5 0.97578125 0.2625 0.0265625 0.04722222222222222
5 0.95859375 0.2902777777777778 0.0296875 0.09722222222222222
5 0.85546875 0.24305555555555555 0.0359375 0.002777777777777778
5 0.82109375 0.25 0.0296875 0.016666666666666666
5 0.2140625 0.4013888888888889 0.09375 0.2972222222222222
16 0.71015625 0.425 0.0359375 0.05
8 0.61796875 0.2763888888888889 0.0015625 0.002777777777777778
8 0.9265625 0.3375 0.003125 0.008333333333333333
8 0.00625 0.4236111111111111 0.0125 0.041666666666666664
8 0.896875 0.4013888888888889 0.0125 0.025
8 0.784375 0.39305555555555555 0.021875 0.03611111111111111
8 0.7296875 0.39861111111111114 0.003125 0.002777777777777778
8 0.62890625 0.3416666666666667 0.0078125 0.016666666666666666
8 0.328125 0.5194444444444445 0.090625 0.05
8 0.24296875 0.5388888888888889 0.1109375 0.08888888888888889
8 0.40625 0.5569444444444445 0.13125 0.06944444444444445
8 0.32578125 0.5805555555555556 0.1359375 0.11666666666666667
12 0.671875 0.2847222222222222 0.01875 0.002777777777777778
12 0.61640625 0.2625 0.0109375 0.019444444444444445
15 0.58984375 0.2861111111111111 0.0359375 0.08333333333333333
3 0.15390625 0.33055555555555555 0.0171875 0.005555555555555556
15 0.1140625 0.25555555555555554 0.046875 0.022222222222222223
14 0.57265625 0.2916666666666667 0.0015625 0.011111111111111112
3 0.5734375 0.3375 0.003125 0.008333333333333333
4 0.1546875 0.35833333333333334 0.009375 0.005555555555555556
4 0.6328125 0.9111111111111111 0.24375 0.17222222222222222
9 0.98984375 0.40694444444444444 0.0140625 0.08055555555555556
